16

1
Candidate #1
1 
1 
1 
1 
1 
1 
1 
1 
1 
1 
1 
1 
1 
1 
1 
1 
1 
1 
1 
1 
1 
1 
1 
1 
1 
1 
1 
1 
1 
1 
1 
1 
1 
1 
1 
1 
1 

13
Candidate #1
Candidate #2
Candidate #3
Candidate #4
Candidate #5
Candidate #6
Candidate #7
Candidate #8
Candidate #9
Candidate #10
Candidate #11
Candidate #12
Candidate #13
6 7 11 8 1 4 2 12 9 5 10 3 13 
5 7 8 9 4 12 1 10 6 3 13 2 11 
7 3 13 5 1 9 2 6 10 4 8 11 12 
7 9 8 2 1 4 13 6 12 3 11 5 10 
11 6 12 1 2 3 4 13 7 9 10 8 5 
6 1 3 9 11 7 8 4 13 5 10 12 2 
13 7 12 9 2 5 6 3 1 10 11 4 8 
13 10 4 11 5 12 9 1 3 2 8 7 6 
11 2 6 9 4 7 1 8 13 3 10 12 5 
5 10 7 9 12 6 8 11 4 13 3 2 1 
5 4 13 11 3 8 10 7 1 2 12 9 6 
9 1 5 11 10 12 6 13 4 7 3 2 8 
2 8 12 1 11 6 10 5 13 4 3 7 9 
7 13 10 11 6 2 8 1 9 4 5 12 3 
7 9 8 10 13 11 3 6 1 4 2 5 12 
13 5 2 6 11 12 8 9 10 1 4 3 7 
4 8 10 11 9 6 2 13 5 12 7 1 3 
7 5 1 11 6 12 2 4 3 13 9 10 8 
3 12 5 10 8 6 13 9 11 4 1 7 2 
3 8 7 9 5 2 6 11 4 12 1 13 10 
8 13 2 6 1 4 9 7 10 11 5 12 3 
6 2 3 4 11 1 9 7 13 12 5 8 10 
2 11 5 13 6 9 3 4 1 8 10 12 7 
6 13 2 7 12 9 11 1 10 3 5 4 8 
12 8 6 13 11 5 9 2 4 7 1 3 10 
13 12 1 7 11 5 8 4 3 9 10 2 6 
7 2 12 1 10 6 8 11 3 9 13 4 5 
13 3 9 7 6 5 10 2 11 4 8 12 1 
1 8 3 7 12 9 11 13 10 2 5 6 4 
7 8 9 3 2 11 4 12 10 1 6 13 5 
6 1 2 11 9 5 4 3 8 7 10 12 13 
2 5 10 13 12 4 11 3 8 6 1 9 7 
1 8 10 6 11 4 12 3 5 7 9 13 2 
4 8 7 12 6 11 13 10 9 5 1 3 2 
6 11 5 2 12 1 13 3 8 10 9 4 7 
2 8 1 11 12 6 5 3 7 9 13 10 4 
7 4 3 12 5 13 1 11 10 8 6 2 9 
12 3 8 2 1 4 5 6 10 7 13 11 9 
10 8 11 5 7 2 12 1 3 6 13 9 4 
6 10 2 5 1 13 3 4 7 8 12 9 11 
11 8 13 3 2 5 4 6 10 12 1 9 7 
3 10 11 9 8 6 4 2 5 1 7 13 12 
4 5 3 9 1 2 13 7 8 6 10 12 11 
4 7 12 11 13 8 6 5 1 3 9 2 10 
5 1 2 8 9 7 12 13 6 10 4 11 3 
3 1 6 4 10 12 9 7 8 13 2 5 11 

4
Candidate #1
Candidate #2
Candidate #3
Candidate #4
3 2 4 1 
1 4 2 3 
3 4 2 1 
4 1 2 3 
4 2 3 1 
2 1 3 4 
4 3 1 2 
4 1 3 2 
4 2 1 3 
2 4 3 1 
1 2 4 3 
3 1 2 4 
4 2 1 3 
2 4 3 1 
2 4 1 3 
1 3 4 2 
3 2 4 1 
3 4 1 2 
1 3 2 4 
1 4 3 2 
1 4 2 3 
3 1 4 2 
4 2 1 3 
2 1 4 3 
3 1 4 2 
2 3 4 1 
1 3 2 4 
2 4 3 1 
3 1 2 4 
2 4 3 1 
4 3 1 2 
4 3 2 1 
3 2 4 1 
1 4 3 2 
2 3 1 4 
3 1 2 4 
3 2 1 4 
3 1 4 2 
4 1 3 2 
3 4 2 1 
4 2 3 1 
3 1 2 4 
3 2 4 1 
2 1 3 4 
4 2 3 1 
3 4 1 2 

13
Candidate #1
Candidate #2
Candidate #3
Candidate #4
Candidate #5
Candidate #6
Candidate #7
Candidate #8
Candidate #9
Candidate #10
Candidate #11
Candidate #12
Candidate #13
9 8 6 10 1 4 12 7 11 3 13 2 5 
9 13 4 1 5 10 7 2 11 8 12 6 3 
1 6 8 3 10 11 4 5 2 9 7 13 12 
2 11 13 3 9 6 12 1 7 5 10 8 4 
7 11 6 13 8 1 12 2 9 4 3 5 10 
2 12 8 13 9 3 6 1 5 7 4 11 10 
4 6 13 10 5 1 8 9 12 7 11 2 3 
6 2 13 11 8 1 12 4 5 3 9 7 10 
13 6 12 3 11 10 8 9 4 1 7 2 5 
2 13 6 3 1 9 4 8 5 7 12 11 10 
8 6 5 1 9 12 11 3 13 2 4 7 10 
5 11 3 12 10 1 4 8 9 6 7 2 13 
8 5 4 7 13 10 12 6 2 9 11 1 3 
1 12 13 5 2 3 6 7 11 4 10 9 8 
7 10 5 11 8 1 13 12 9 2 3 4 6 
5 6 9 10 13 1 2 7 8 12 4 3 11 
1 7 2 5 13 9 8 10 6 12 4 11 3 
4 6 12 3 1 9 10 8 5 7 11 2 13 
10 5 12 7 1 11 8 4 9 2 3 13 6 
13 2 3 12 11 7 8 4 9 6 1 10 5 
13 7 3 9 2 8 5 11 1 12 6 4 10 
12 2 9 7 6 11 13 3 1 5 4 8 10 
10 6 3 8 12 13 7 4 11 1 5 9 2 
8 6 1 4 2 13 5 3 10 12 7 9 11 
10 12 9 6 2 5 13 1 4 8 3 11 7 
7 10 6 13 1 8 12 9 5 3 2 11 4 
3 5 9 12 2 10 8 1 6 4 11 13 7 
3 1 2 4 6 13 8 10 11 9 12 5 7 
1 4 3 11 2 8 9 13 6 10 12 7 5 
3 7 2 8 1 11 10 5 6 12 13 9 4 
7 5 6 8 1 11 12 4 2 3 13 9 10 
10 9 12 4 5 6 8 11 2 13 7 1 3 
1 8 2 5 4 12 9 13 6 3 10 7 11 
10 5 11 12 3 4 9 13 1 6 7 2 8 
11 4 9 7 6 5 1 8 2 3 13 10 12 
11 3 8 12 13 7 9 4 6 1 2 10 5 
12 10 2 7 11 5 9 4 6 3 13 1 8 
2 3 8 11 9 5 4 12 10 7 6 1 13 
9 1 6 5 12 13 4 2 7 8 11 10 3 
11 3 13 2 1 8 4 12 7 10 6 9 5 
12 8 7 3 5 6 9 13 10 2 11 4 1 
11 10 2 9 4 13 3 12 8 1 7 5 6 
4 9 5 7 3 2 13 1 6 11 8 12 10 
12 7 2 11 10 13 3 6 5 9 4 1 8 
3 13 4 1 10 8 6 7 12 5 11 2 9 

11
Candidate #1
Candidate #2
Candidate #3
Candidate #4
Candidate #5
Candidate #6
Candidate #7
Candidate #8
Candidate #9
Candidate #10
Candidate #11
10 8 9 7 4 3 6 2 11 5 1 
5 10 2 7 1 8 4 6 11 9 3 
11 4 3 1 10 5 2 7 8 6 9 

4
Candidate #1
Candidate #2
Candidate #3
Candidate #4
4 3 1 2 
3 4 2 1 
2 3 4 1 
2 3 1 4 
1 2 3 4 
1 2 4 3 
3 1 4 2 
3 4 1 2 
2 3 4 1 
2 1 4 3 
4 3 2 1 
1 2 4 3 
4 1 3 2 
4 1 3 2 
4 1 2 3 
4 3 2 1 
2 4 1 3 
4 1 2 3 
4 2 3 1 
2 1 4 3 
2 3 1 4 
2 3 1 4 
3 1 4 2 
2 3 4 1 
3 2 1 4 
2 1 3 4 
1 3 2 4 
2 4 3 1 
3 2 1 4 
3 1 4 2 
2 4 3 1 
4 3 2 1 
4 3 2 1 
4 3 2 1 
2 3 4 1 
2 3 1 4 
2 4 3 1 
4 2 3 1 
2 1 4 3 

20
Candidate #1
Candidate #2
Candidate #3
Candidate #4
Candidate #5
Candidate #6
Candidate #7
Candidate #8
Candidate #9
Candidate #10
Candidate #11
Candidate #12
Candidate #13
Candidate #14
Candidate #15
Candidate #16
Candidate #17
Candidate #18
Candidate #19
Candidate #20
5 7 17 15 18 20 8 16 3 1 2 11 9 4 14 13 10 19 12 6 
13 15 11 4 14 12 8 19 9 17 18 16 3 10 1 7 5 20 2 6 
3 6 10 4 9 18 13 20 1 7 5 2 11 8 17 12 16 15 14 19 
15 17 11 14 18 1 10 3 20 7 6 13 4 16 2 5 9 19 8 12 

6
Candidate #1
Candidate #2
Candidate #3
Candidate #4
Candidate #5
Candidate #6
4 5 3 2 6 1 
4 5 6 3 2 1 
1 4 3 2 5 6 
1 2 6 3 4 5 
3 5 4 1 2 6 
3 5 4 6 1 2 
3 4 5 1 2 6 
6 5 1 3 4 2 
1 3 6 2 5 4 
6 2 5 4 1 3 
2 6 4 3 1 5 
6 3 5 1 4 2 
6 3 4 1 5 2 
6 5 1 2 4 3 
4 1 6 5 3 2 
1 4 2 3 5 6 
5 1 3 4 2 6 
3 5 6 1 2 4 
4 1 6 5 3 2 
4 1 2 5 3 6 
4 5 3 6 1 2 
5 6 1 2 3 4 

13
Candidate #1
Candidate #2
Candidate #3
Candidate #4
Candidate #5
Candidate #6
Candidate #7
Candidate #8
Candidate #9
Candidate #10
Candidate #11
Candidate #12
Candidate #13
6 8 4 3 7 5 10 12 13 11 9 2 1 
12 1 7 11 8 4 9 13 10 5 3 6 2 
10 5 7 4 3 11 8 9 13 6 12 1 2 
3 1 7 2 10 12 8 5 13 9 6 11 4 
10 8 3 11 1 7 12 9 13 5 6 4 2 
6 7 8 12 5 1 9 11 2 13 10 4 3 
2 6 5 13 3 11 12 1 7 4 8 10 9 
13 9 5 3 4 6 11 2 7 12 8 10 1 
12 2 11 1 8 5 6 4 13 9 10 3 7 
12 8 1 2 4 9 10 11 5 6 3 7 13 
8 13 10 9 7 1 3 6 11 5 4 12 2 
10 3 6 9 11 13 4 1 8 7 12 2 5 
2 12 10 13 7 5 6 4 9 3 1 8 11 
12 8 1 2 3 11 4 6 5 9 7 10 13 
5 8 13 7 2 12 9 11 4 3 1 6 10 
13 9 10 2 7 11 6 1 8 12 5 3 4 
6 4 2 3 7 11 9 5 12 13 1 8 10 
1 4 13 3 7 9 8 12 5 10 6 2 11 
9 2 3 11 12 10 7 6 1 13 8 5 4 
4 11 8 1 10 13 3 6 2 7 5 12 9 
12 6 9 8 3 10 13 2 11 7 1 4 5 
8 4 2 5 13 3 10 12 11 7 9 6 1 
8 12 9 1 2 6 13 10 5 11 4 7 3 
6 13 3 11 12 9 5 1 4 7 10 2 8 
4 6 1 8 9 13 10 11 3 12 5 7 2 

6
Candidate #1
Candidate #2
Candidate #3
Candidate #4
Candidate #5
Candidate #6
3 6 1 4 2 5 
5 4 6 1 3 2 
4 5 6 2 1 3 
6 5 2 3 1 4 
1 4 5 2 6 3 
5 3 4 2 6 1 
3 2 1 6 4 5 
5 4 1 6 3 2 

8
Candidate #1
Candidate #2
Candidate #3
Candidate #4
Candidate #5
Candidate #6
Candidate #7
Candidate #8
3 1 5 8 2 7 6 4 
1 4 8 3 6 5 2 7 
3 4 7 2 8 1 6 5 
7 3 5 1 6 2 4 8 
5 8 3 7 4 2 6 1 
7 3 4 5 6 2 8 1 
6 8 1 4 7 3 5 2 
7 5 2 8 1 4 3 6 
3 4 2 6 8 7 1 5 

6
Candidate #1
Candidate #2
Candidate #3
Candidate #4
Candidate #5
Candidate #6
4 1 3 2 6 5 
6 4 1 3 2 5 
1 6 3 2 4 5 
5 4 2 6 3 1 
2 3 4 5 6 1 
1 3 6 5 4 2 
6 5 1 2 3 4 
2 3 1 6 5 4 
4 6 5 3 2 1 
6 3 4 5 1 2 
4 3 2 1 6 5 
3 4 2 1 5 6 
1 5 2 3 4 6 
4 2 1 3 6 5 
3 5 4 6 2 1 
6 1 5 2 3 4 
1 6 5 2 3 4 
4 3 5 1 2 6 
6 4 5 1 2 3 
1 5 2 3 6 4 
5 3 2 6 4 1 
4 6 2 5 1 3 
3 2 4 6 5 1 
5 2 3 1 6 4 
5 6 2 3 1 4 
6 4 1 5 2 3 
4 2 6 3 1 5 
5 4 3 6 1 2 
4 1 3 5 6 2 
6 2 1 4 5 3 
5 1 2 3 4 6 
3 6 5 2 1 4 
4 5 2 1 3 6 
5 6 2 3 4 1 
3 6 5 4 1 2 
5 3 2 4 1 6 
2 6 5 1 4 3 
2 4 1 3 6 5 
5 6 4 1 2 3 
1 6 4 5 3 2 
4 2 5 6 3 1 
6 4 2 3 1 5 
2 4 5 3 6 1 
3 1 2 6 5 4 
6 1 3 2 4 5 
5 6 3 1 2 4 
3 2 4 1 6 5 
2 6 1 5 3 4 
5 2 3 6 4 1 
3 5 1 4 6 2 
4 3 1 2 6 5 
6 2 5 4 3 1 
1 3 5 2 6 4 
2 5 4 6 1 3 
5 4 3 6 1 2 

14
Candidate #1
Candidate #2
Candidate #3
Candidate #4
Candidate #5
Candidate #6
Candidate #7
Candidate #8
Candidate #9
Candidate #10
Candidate #11
Candidate #12
Candidate #13
Candidate #14
13 11 2 8 10 6 7 9 1 3 5 4 14 12 
3 10 1 12 11 14 7 13 4 2 8 9 5 6 
1 11 9 14 7 2 8 12 6 5 4 13 3 10 
12 3 10 11 4 2 7 6 13 5 14 8 1 9 

4
Candidate #1
Candidate #2
Candidate #3
Candidate #4
1 2 4 3 
1 4 3 2 
4 2 1 3 
3 1 4 2 
2 3 1 4 
1 3 4 2 
3 4 2 1 
4 2 1 3 
2 4 1 3 
2 4 3 1 
4 1 2 3 
2 3 1 4 
4 1 3 2 
1 2 3 4 
3 2 1 4 
4 2 1 3 
4 2 3 1 
4 2 3 1 
4 1 2 3 
2 3 1 4 
1 2 3 4 
4 2 3 1 
3 1 4 2 
4 1 2 3 
3 2 4 1 
2 1 3 4 

6
Candidate #1
Candidate #2
Candidate #3
Candidate #4
Candidate #5
Candidate #6
4 3 5 6 2 1 
4 6 2 3 5 1 
1 6 2 5 4 3 
4 5 3 2 6 1 
3 1 4 5 2 6 
1 3 5 6 2 4 
5 1 3 4 6 2 
4 5 2 6 3 1 
4 1 5 6 3 2 
3 2 6 1 4 5 
5 2 1 3 6 4 
4 5 1 6 2 3 
5 1 4 2 6 3 
3 5 2 4 6 1 
2 1 4 5 3 6 
1 2 6 4 5 3 
4 1 3 5 6 2 
6 5 2 3 1 4 
3 1 2 5 6 4 
5 2 3 1 4 6 
5 3 4 6 1 2 
5 4 1 3 2 6 
3 5 2 1 4 6 
5 1 6 3 2 4 
3 1 5 6 2 4 
3 1 5 4 6 2 
5 2 1 6 4 3 
2 3 1 5 6 4 
5 3 2 4 6 1 
2 6 5 4 1 3 
4 2 5 1 3 6 
6 5 4 1 2 3 
6 1 2 3 4 5 
3 4 5 2 6 1 
6 4 1 3 5 2 
1 3 5 2 4 6 
5 4 6 2 3 1 
2 4 6 5 1 3 
4 6 2 1 3 5 
6 1 2 5 4 3 
4 5 2 1 6 3 
6 2 1 3 4 5 
2 4 6 5 1 3 
5 4 3 2 6 1 
1 2 6 3 4 5 
2 5 6 3 4 1 
4 2 3 6 1 5 
2 1 4 3 5 6 
3 4 6 5 1 2 
3 1 5 4 6 2 
2 4 3 6 5 1 
6 4 1 2 5 3 
1 4 3 6 2 5 
4 1 5 2 3 6 
4 3 1 6 2 5 
5 6 2 4 1 3 
4 5 6 3 2 1 
2 1 4 3 5 6 

5
Red
Green
Blue
Yellow
Orange
