30

7
Cathy
Nate
Melissa
Margo
Maria
Cody
Nicole
2 4 5 6 3 7 1
1 3 7 5 4 6 2
5 3 4 2 1 7 6
1 5 7 3 4 6 2
6 4 1 2 7 3 5
1 6 7 3 4 5 2
5 4 3 6 7 2 1
5 7 2 4 1 6 3
7 2 1 4 5 6 3
4 5 6 2 3 7 1
7 1 6 5 4 2 3
7 6 3 4 2 5 1
1 4 3 2 5 7 6
5 2 4 3 7 1 6
1 3 7 5 6 2 4
7 5 4 2 1 6 3
7 6 4 3 1 2 5
7 5 2 4 1 3 6
5 3 7 1 6 4 2
7 1 4 2 3 5 6
3 4 7 6 2 5 1
3 2 5 6 7 1 4
5 7 6 4 1 3 2
6 3 4 7 1 2 5
2 5 3 1 7 6 4
7 3 4 5 6 2 1
3 7 1 6 2 5 4
1 2 5 3 6 7 4
5 3 4 6 7 1 2
2 7 1 5 6 3 4
1 3 4 7 6 2 5
4 6 2 3 7 1 5
5 2 6 3 4 7 1
3 4 2 6 1 5 7
6 4 2 5 7 1 3
3 6 1 2 4 5 7
5 6 2 3 1 4 7
4 2 1 6 7 5 3
7 5 4 6 1 3 2
3 2 4 7 6 1 5
5 3 6 7 1 2 4
2 6 5 4 3 1 7
7 2 6 5 4 3 1
4 7 3 1 5 2 6
1 2 5 4 3 6 7
2 7 3 1 6 4 5
1 5 7 2 4 3 6
3 4 5 6 1 7 2
3 5 1 4 2 6 7
2 4 3 6 1 5 7
1 6 2 7 3 4 5
2 4 5 3 7 6 1
3 5 7 4 1 6 2
5 6 4 1 2 7 3
4 5 6 3 2 1 7
1 2 6 7 4 5 3
5 1 2 4 7 6 3
6 4 5 2 7 3 1
3 7 5 4 2 6 1
7 6 1 2 4 3 5
2 6 5 3 7 4 1
3 4 6 5 1 2 7
2 3 6 4 5 1 7
5 4 2 3 7 6 1
3 4 5 1 6 7 2
3 2 6 4 5 1 7
1 4 7 6 3 2 5
6 7 4 1 5 3 2
7 3 5 2 6 1 4
3 1 6 7 2 5 4
3 7 1 5 4 2 6
7 5 6 1 4 2 3
3 4 6 5 1 2 7
2 4 3 1 5 6 7
5 7 6 4 1 3 2
4 6 2 5 1 3 7
1 3 7 2 6 4 5
2 4 7 1 5 3 6
1 6 3 4 5 7 2
2 6 3 4 7 1 5
2 7 1 6 4 3 5
5 4 6 1 7 3 2
2 5 6 3 7 1 4
7 3 6 1 4 5 2
3 7 1 5 2 6 4
7 6 3 4 1 5 2
3 5 7 2 1 6 4
6 2 3 5 4 1 7
4 2 1 3 5 6 7
3 6 5 7 4 1 2
4 6 7 1 2 5 3
5 7 2 6 1 3 4
3 7 1 4 6 5 2
4 1 6 2 7 5 3
5 7 6 3 2 1 4
6 5 1 7 4 3 2
1 2 3 6 7 5 4
1 3 4 6 2 7 5
3 1 6 2 4 7 5
4 5 1 3 6 2 7
6 2 4 7 3 1 5
3 5 6 7 1 2 4
3 7 2 4 5 6 1
7 1 4 2 6 3 5
4 1 7 2 3 6 5
3 2 1 5 6 4 7
6 2 1 7 5 4 3
6 7 2 5 3 1 4
3 5 1 2 4 6 7
3 2 5 7 6 4 1
5 6 2 1 3 7 4
4 3 6 1 7 5 2
3 5 6 4 7 1 2
7 3 5 2 1 4 6
7 6 3 2 4 1 5
5 4 1 6 2 7 3
2 3 7 4 5 6 1
6 3 4 2 5 7 1
6 7 2 5 3 4 1
2 7 3 1 6 5 4
7 4 5 2 1 6 3
4 7 5 1 3 2 6
7 5 2 6 1 4 3
2 3 4 7 5 1 6
6 5 4 7 3 2 1
3 6 7 1 2 4 5
1 3 6 5 4 2 7
4 6 1 2 3 5 7
6 2 3 7 5 4 1
4 5 7 6 1 3 2
7 1 5 4 6 3 2
3 4 6 7 2 5 1
4 3 1 7 6 5 2
3 7 4 5 2 1 6
3 4 6 7 1 2 5
5 3 4 1 2 6 7
4 5 2 6 7 3 1
7 4 2 5 6 1 3
5 6 3 1 4 7 2
3 2 5 4 7 1 6
3 1 2 4 6 7 5
2 3 1 6 4 7 5
7 5 3 4 6 1 2
4 5 1 7 2 6 3
7 6 2 3 1 4 5
1 7 4 6 5 3 2
7 1 3 4 2 6 5
4 5 3 2 1 6 7
2 4 5 1 3 7 6
3 5 4 1 6 7 2
4 2 6 3 7 5 1
6 5 7 4 2 3 1
2 3 5 6 1 7 4
7 5 3 6 4 2 1
1 6 5 4 7 2 3
2 7 3 4 6 1 5
2 4 6 3 7 1 5
7 4 1 6 5 3 2
6 4 1 5 3 2 7
1 4 2 6 7 3 5
5 3 1 7 2 4 6
5 2 4 3 7 1 6
4 1 6 2 7 3 5
3 7 2 1 4 6 5
1 4 6 7 5 3 2
7 6 2 4 1 5 3
2 5 6 3 7 1 4
7 3 1 5 6 2 4
6 2 4 3 5 1 7
2 5 4 7 6 1 3
6 4 5 1 7 2 3
6 3 5 7 2 1 4
2 3 6 5 1 4 7
4 3 1 5 7 2 6
5 2 3 4 6 1 7
4 1 7 2 3 5 6
4 1 6 2 5 7 3
4 2 1 3 7 6 5
7 6 4 2 1 3 5
3 1 6 7 5 2 4
4 7 1 6 2 5 3
2 5 3 4 1 7 6
6 7 2 4 1 5 3
3 1 7 2 4 5 6
6 1 3 5 4 2 7
6 3 1 5 4 2 7
7 5 4 1 2 3 6
5 1 6 7 2 4 3
4 7 3 5 1 2 6
6 4 7 3 1 2 5
4 1 5 6 2 3 7
4 6 7 5 2 3 1
2 4 1 5 3 6 7
3 4 1 7 2 6 5
4 7 5 2 6 3 1
7 2 5 3 4 1 6
7 6 5 2 3 1 4
7 6 3 1 2 5 4
7 5 6 3 4 1 2
4 5 3 2 7 1 6

4
Margo
Cathy
Sam
Melissa
2 4 1 3
4 1 2 3
2 1 3 4
3 1 2 4
3 1 2 4
3 2 4 1
4 2 3 1
2 3 4 1
3 4 2 1
4 3 2 1
3 4 1 2
2 3 4 1
2 3 4 1
3 1 4 2
1 3 4 2
3 2 1 4
2 3 4 1
2 4 1 3
4 3 1 2
3 2 4 1
4 3 2 1
2 4 3 1
4 1 2 3
4 2 3 1
4 1 2 3
1 4 2 3
3 2 4 1
1 4 3 2
4 3 2 1
1 4 2 3
4 3 1 2
2 1 4 3
3 1 2 4
4 1 2 3
2 4 1 3
2 1 4 3
1 3 2 4
1 4 2 3
3 2 1 4
3 2 4 1
3 1 2 4
4 3 1 2
2 1 4 3
3 2 1 4
2 4 3 1
4 2 3 1
4 3 1 2
1 4 2 3
1 4 2 3
2 1 4 3
2 3 1 4
4 1 3 2
3 1 2 4
3 2 1 4
1 4 2 3
1 3 4 2
1 2 3 4
3 2 4 1
1 2 3 4
4 2 3 1
3 1 4 2
1 4 3 2
3 1 4 2
2 3 1 4
3 2 4 1
1 4 3 2
4 3 2 1
4 3 1 2
4 2 1 3
4 3 1 2
2 1 3 4
1 3 4 2
2 1 3 4
3 1 4 2
1 4 2 3
2 1 4 3
3 1 4 2
4 1 3 2
1 3 4 2
4 3 1 2
4 3 1 2
2 4 3 1
1 3 2 4
2 3 4 1
1 2 3 4
1 2 3 4
2 3 4 1
1 2 4 3
4 1 3 2

5
Frank
Neal
Cathy
David
Nate
5 4 3 1 2
2 4 5 1 3
5 1 4 3 2
3 1 2 5 4
1 4 5 2 3
4 3 5 1 2
4 5 1 3 2
2 3 5 1 4
5 4 3 1 2
5 3 2 1 4
2 4 5 1 3
4 3 1 2 5
5 4 1 2 3
4 2 5 1 3
1 4 3 2 5
4 2 5 3 1
2 4 3 1 5
3 4 5 2 1
1 2 5 3 4
1 4 5 3 2
5 1 4 2 3
5 3 4 2 1
5 1 3 4 2
5 2 4 1 3
4 1 3 5 2
5 1 3 2 4
3 5 2 1 4
4 2 5 1 3
1 3 4 5 2
2 1 5 4 3
4 5 2 3 1
1 3 4 2 5
1 5 4 3 2
4 2 3 1 5
5 3 2 4 1
5 2 1 3 4
1 5 3 4 2
2 5 4 3 1
4 1 2 3 5
2 1 4 3 5
3 4 2 5 1
1 5 4 3 2
3 4 5 1 2
3 4 1 5 2
3 1 2 4 5
5 1 3 4 2
1 2 3 5 4
2 1 4 5 3
4 3 2 1 5
5 3 2 1 4
4 3 1 2 5
3 2 1 5 4
5 4 2 3 1
3 1 2 4 5
1 5 3 2 4
4 3 5 2 1
5 3 4 1 2
3 2 1 4 5
2 5 4 1 3
1 4 2 5 3
5 4 1 2 3
5 4 2 3 1
2 4 5 1 3
2 5 3 4 1
4 5 2 3 1
4 1 5 2 3
3 2 1 4 5
3 5 2 1 4
5 2 3 1 4
2 1 4 5 3
5 2 1 4 3
1 3 5 2 4
2 4 1 5 3
3 1 2 4 5
3 4 1 5 2
4 1 2 5 3
1 2 5 4 3
2 3 1 4 5
4 3 5 1 2
1 4 5 3 2
5 3 2 4 1
2 3 5 1 4
5 4 1 3 2
2 3 5 4 1
1 3 5 2 4
3 1 4 5 2
2 5 1 3 4
5 2 4 1 3
1 5 2 3 4
2 4 3 5 1
1 4 5 3 2
3 5 4 2 1
3 2 4 5 1
1 4 2 5 3
3 2 4 5 1
3 5 2 1 4
1 2 5 3 4
1 4 5 2 3
2 1 4 5 3
1 2 4 3 5
4 1 5 2 3
1 5 4 3 2
1 5 4 2 3
2 3 1 4 5
3 2 1 4 5
5 3 2 1 4
5 4 1 2 3
3 1 2 5 4
4 2 3 1 5
5 3 4 2 1
5 4 1 3 2
4 3 1 2 5

4
Nicole
Cathy
Margo
Peter
1 4 3 2
1 2 3 4
3 4 2 1
1 3 4 2
4 1 3 2
4 2 3 1
4 3 2 1
1 3 2 4
1 4 2 3
3 2 4 1
1 3 4 2
2 3 1 4
4 2 1 3
2 3 1 4
3 2 4 1
2 3 1 4

6
Keegan
Frank
Melissa
Margo
Cathy
Peter
2 6 5 4 1 3
2 6 3 1 5 4
1 3 5 2 4 6
5 1 6 4 2 3
3 4 2 1 6 5
3 2 1 6 5 4
5 3 1 6 4 2
6 1 3 4 5 2
3 6 5 4 2 1
4 5 3 6 1 2
4 5 2 6 3 1
6 5 3 2 4 1
6 1 5 2 3 4
1 4 3 6 5 2
4 6 1 3 2 5
6 4 2 5 3 1
5 2 3 1 6 4
2 3 1 5 6 4
6 2 3 5 4 1
6 4 2 3 1 5
2 3 5 1 6 4
4 6 5 2 3 1
6 4 1 2 3 5
4 2 5 1 6 3
5 6 4 1 3 2
2 5 1 3 4 6
5 6 2 3 4 1
2 3 1 4 6 5
1 4 2 6 5 3
3 5 2 4 6 1
6 1 5 4 2 3
1 4 2 3 6 5
3 4 6 1 5 2
3 6 1 4 5 2
1 6 4 2 3 5
6 5 2 3 4 1
2 3 5 1 4 6
5 3 4 6 2 1
5 6 4 2 1 3
6 3 4 2 1 5
1 3 2 5 6 4
2 5 3 4 1 6
6 4 1 5 3 2
6 5 2 1 3 4
4 3 5 1 6 2
3 5 1 6 2 4
4 6 3 2 1 5
4 3 1 6 5 2
5 2 3 1 6 4
3 1 5 2 6 4
6 2 4 1 3 5
3 1 4 5 2 6
3 5 4 2 6 1
6 4 3 5 2 1
4 5 1 2 6 3
6 5 1 3 2 4
1 4 3 5 2 6
5 2 3 4 1 6
3 2 4 6 5 1
6 2 3 1 5 4
3 6 2 4 1 5
4 3 1 6 5 2
6 5 3 1 2 4
4 5 3 1 6 2
3 1 4 6 5 2
2 1 6 4 3 5
2 5 3 6 1 4
1 6 5 2 3 4
5 2 6 3 1 4
5 1 4 3 6 2
6 2 4 5 1 3
6 4 3 1 2 5
3 4 6 1 2 5
4 3 1 5 6 2
6 3 5 4 2 1
3 6 1 5 2 4
4 5 2 1 3 6
1 6 3 5 2 4
5 3 6 4 1 2
1 3 4 6 2 5
3 1 6 4 2 5
6 3 1 4 5 2
6 3 2 4 1 5
4 6 2 5 3 1
3 2 1 4 6 5
3 5 4 1 6 2
2 3 1 4 6 5
5 3 4 2 6 1
1 6 5 2 3 4
1 5 6 3 2 4
5 4 2 3 1 6
2 4 1 3 6 5
2 1 4 6 5 3
3 6 2 1 4 5
2 5 1 3 6 4
4 1 6 5 3 2
4 2 3 5 1 6
4 3 5 2 6 1
5 3 4 2 6 1
1 4 2 5 3 6
5 4 3 6 2 1
1 2 4 3 6 5
5 3 6 1 4 2
6 1 5 2 4 3
2 6 1 5 4 3
5 2 1 6 4 3
6 3 2 4 1 5
3 1 5 4 6 2
6 1 5 3 2 4
1 4 2 3 5 6
5 3 4 2 6 1
5 2 3 4 6 1
2 3 6 4 5 1
2 1 4 3 5 6
2 4 3 5 6 1
4 1 6 2 3 5
5 4 3 1 6 2
4 1 6 2 5 3
6 3 5 4 1 2

7
Frank
Melissa
Paul
Margo
Andrew
Daniel
Neal
5 4 3 6 7 1 2
5 7 6 2 4 3 1
2 7 3 5 6 1 4
6 7 1 4 5 3 2
6 5 4 2 1 3 7
3 6 4 2 7 1 5
1 5 3 2 6 4 7
3 5 1 7 4 2 6
2 7 1 6 5 3 4
7 1 3 5 6 2 4
1 4 6 2 3 7 5
5 1 2 4 6 7 3
1 5 3 2 6 4 7
1 7 6 4 2 5 3
5 4 3 1 6 7 2
2 7 1 4 5 3 6
1 7 5 6 4 2 3
2 7 1 3 5 6 4
3 5 6 7 4 2 1
3 2 7 5 1 6 4
3 1 6 4 5 2 7
6 7 2 3 4 1 5
5 2 3 7 1 4 6
5 3 7 1 4 6 2
7 6 1 3 4 2 5
4 6 2 5 1 3 7
3 6 4 5 1 7 2
2 4 3 7 6 5 1
2 1 4 7 6 5 3
5 6 7 4 3 2 1
5 6 3 7 1 4 2
7 2 4 1 3 5 6
5 1 6 3 2 4 7
5 2 1 7 3 6 4
6 7 2 3 1 4 5
1 5 2 4 3 7 6
1 5 6 4 2 7 3
6 4 3 1 2 7 5
6 5 2 3 7 1 4
4 5 1 2 3 6 7
6 5 3 7 1 2 4
4 5 3 1 7 2 6
5 1 6 4 7 2 3
1 6 3 4 5 2 7
7 3 6 5 2 4 1
1 3 6 2 7 4 5
2 3 7 5 4 1 6
2 5 4 7 6 3 1
4 5 6 7 3 2 1
3 1 6 2 7 4 5
7 1 5 2 4 6 3
6 7 4 3 2 5 1
2 7 3 1 5 6 4
5 2 4 7 3 6 1
2 6 1 3 5 4 7
4 7 2 5 3 1 6
2 7 1 5 3 4 6
4 5 2 3 1 6 7
2 5 4 6 3 1 7
2 7 3 4 5 6 1
1 3 4 6 5 2 7
2 1 5 7 6 4 3
3 5 4 7 2 1 6
6 1 5 7 2 4 3
3 7 4 2 1 6 5
5 3 7 6 1 2 4
2 1 5 3 7 6 4
6 5 1 3 2 4 7
4 1 7 3 6 5 2
5 1 3 6 4 2 7
1 6 4 3 2 7 5
7 4 3 5 6 2 1
4 2 7 5 6 1 3
7 1 5 4 3 6 2
2 5 3 6 1 7 4
6 4 5 2 7 3 1
7 3 5 6 2 1 4
1 7 5 6 2 3 4
2 3 6 1 7 5 4
4 1 2 7 6 5 3
4 5 7 6 1 2 3
7 4 2 3 5 6 1
3 1 4 6 5 7 2
6 2 7 1 4 5 3
7 2 4 6 3 5 1
3 1 2 6 7 4 5
3 6 2 5 4 7 1
5 3 7 1 6 4 2
5 7 6 1 4 3 2
1 4 7 2 6 3 5
6 3 1 5 4 7 2
5 7 1 4 6 3 2
2 3 4 7 1 5 6
7 6 4 5 2 3 1
7 5 4 1 6 3 2
3 7 5 4 1 6 2
3 4 6 1 7 5 2
5 3 6 4 2 1 7
6 1 2 3 7 5 4
6 1 5 3 7 4 2
6 7 3 2 4 5 1
3 1 4 6 2 5 7
7 5 4 2 1 3 6
1 2 6 7 4 5 3
1 7 2 3 6 5 4
1 6 3 2 4 7 5
4 6 7 2 5 3 1
1 2 6 7 3 4 5
6 5 2 4 1 3 7
3 4 2 6 7 5 1
7 4 3 5 2 1 6
3 5 1 6 7 4 2
4 1 6 3 5 2 7
7 6 1 2 3 4 5
1 7 3 5 6 4 2
1 6 2 3 4 7 5
7 3 5 4 6 1 2
7 4 6 3 2 1 5
1 3 2 5 7 4 6
6 2 5 3 7 4 1
7 6 3 1 4 5 2
4 1 3 6 5 7 2
1 6 5 4 3 7 2
7 6 1 2 3 5 4
7 3 2 1 6 5 4
1 6 5 2 7 3 4
6 4 5 7 3 2 1
7 1 6 3 4 5 2
6 4 3 1 5 2 7
2 5 3 1 7 4 6
1 6 5 2 3 4 7
2 6 3 5 7 4 1
7 3 1 5 2 6 4
6 1 7 4 2 5 3
7 2 4 1 6 3 5
7 5 1 4 3 6 2
1 6 3 5 2 4 7
6 5 2 3 1 4 7
4 6 5 1 3 7 2
1 4 7 2 3 5 6
2 6 1 7 5 3 4
1 7 5 2 6 3 4
1 5 7 3 6 4 2
6 4 2 7 3 5 1
6 5 1 4 7 2 3
4 7 1 5 3 2 6
6 5 3 4 7 2 1
2 5 3 7 6 4 1
7 3 6 4 1 5 2
4 5 6 7 3 1 2
5 6 1 3 7 2 4
6 4 2 1 5 3 7
1 4 5 2 7 6 3
3 2 5 4 7 1 6
2 4 5 3 6 7 1
5 6 4 1 7 2 3
1 7 6 2 4 3 5
2 4 5 1 7 3 6
5 3 4 2 7 6 1
4 6 2 3 1 5 7
2 6 1 4 5 7 3
6 2 7 3 1 4 5
6 2 1 7 3 5 4
1 7 4 3 2 6 5
3 7 2 5 4 1 6
4 5 2 7 1 3 6
1 6 3 7 2 4 5
3 6 7 2 1 4 5
1 6 4 2 3 5 7
6 7 2 3 5 1 4
3 6 7 2 1 5 4

5
Nicole
Melissa
Paul
Margo
Neal
5 4 3 2 1
5 4 3 2 1
1 2 5 3 4
2 4 5 3 1
3 4 1 2 5
5 4 2 1 3
5 3 1 2 4
5 3 4 1 2
5 3 2 4 1
1 2 5 4 3
2 3 4 5 1
1 2 3 5 4
3 5 2 1 4
1 5 4 3 2
2 4 3 5 1
1 5 4 3 2
5 4 3 1 2
2 5 4 3 1
1 3 5 4 2
2 4 3 5 1
2 4 3 1 5
1 2 3 4 5
1 5 2 3 4
3 5 2 4 1
5 3 2 4 1
1 4 2 3 5
1 2 3 5 4
3 1 4 5 2
3 5 4 2 1
5 1 3 2 4
1 5 2 3 4
1 2 5 4 3
1 5 4 2 3
5 2 4 1 3
2 4 1 3 5
5 1 3 2 4
5 4 3 2 1
4 2 3 5 1
1 2 3 5 4
4 3 2 5 1
1 4 5 2 3
4 2 5 1 3
4 5 2 1 3
2 1 4 5 3
2 5 1 4 3
5 1 2 4 3
4 5 1 2 3
3 4 2 1 5
5 3 1 4 2
2 3 4 1 5
1 5 2 4 3
2 4 1 3 5
3 4 5 2 1
2 4 1 3 5
5 3 4 2 1
4 2 3 1 5
5 2 4 1 3
2 4 1 3 5
4 2 3 5 1
2 3 4 5 1
5 1 4 3 2
3 1 4 2 5
3 4 1 5 2
4 2 5 1 3
3 1 4 5 2
1 4 5 3 2
3 4 2 5 1
2 5 3 4 1
5 4 2 3 1
4 3 2 5 1
2 5 1 4 3
1 5 4 2 3
3 1 4 2 5
4 5 3 1 2
3 2 4 5 1
3 1 2 5 4
5 3 1 2 4
3 5 4 2 1
5 4 1 2 3
4 3 5 2 1
1 5 4 2 3
5 2 3 1 4
5 2 3 4 1
4 5 1 2 3
1 3 4 5 2
4 2 1 5 3
1 2 4 5 3
4 2 1 3 5
5 2 3 4 1
1 5 3 2 4
4 2 1 5 3
5 4 1 2 3
2 4 5 1 3
3 4 5 1 2
2 1 3 5 4
4 3 5 1 2
2 1 4 3 5
1 5 3 2 4
5 1 2 3 4
4 2 5 1 3
2 3 4 5 1
1 2 3 5 4
3 5 1 4 2
5 1 4 3 2
5 3 2 4 1
5 4 1 3 2
1 3 2 4 5
1 5 3 4 2
2 3 4 1 5
1 5 3 2 4
1 4 2 5 3
3 4 5 2 1
3 5 4 2 1
1 2 5 3 4
5 4 3 2 1
2 1 3 5 4
2 5 4 1 3
1 3 4 5 2
1 2 3 4 5
4 1 5 2 3
4 5 3 1 2
2 1 3 5 4
4 5 3 2 1
3 1 4 2 5
4 1 2 3 5
2 4 3 1 5
4 3 2 1 5
4 3 1 5 2
1 2 4 3 5
4 1 5 3 2
3 4 1 2 5
5 4 3 1 2
1 5 3 4 2
1 2 3 4 5

7
Daniel
Cathy
Margo
Nate
Cody
Keegan
Paul
1 2 3 4 7 5 6
6 5 3 4 7 2 1
5 3 1 7 6 2 4
5 2 3 4 6 7 1
2 7 4 3 1 6 5
7 1 2 5 3 6 4
7 4 5 2 3 6 1
1 2 4 5 6 3 7
2 6 3 7 5 4 1
1 2 5 4 7 6 3
5 4 6 2 7 3 1
1 3 2 7 5 4 6
1 4 3 2 5 7 6
3 2 5 1 4 6 7
4 3 2 5 7 1 6
4 2 5 7 6 3 1
4 7 1 2 5 3 6
4 3 7 5 2 6 1
7 3 5 6 4 2 1
4 1 6 5 2 7 3
3 5 2 1 7 6 4
6 5 1 7 2 3 4
2 4 5 6 7 3 1
5 1 7 2 6 3 4
4 5 3 1 7 2 6
1 4 6 7 2 5 3
1 6 2 3 5 7 4
4 2 1 3 6 7 5
2 7 6 4 3 1 5
3 4 1 6 2 5 7
4 7 3 5 1 6 2
6 2 4 3 1 7 5
6 7 2 5 3 1 4
1 7 5 3 4 6 2
6 5 2 4 1 7 3
7 6 2 5 4 1 3
3 2 1 4 7 6 5
6 4 7 2 3 1 5
4 3 5 2 1 6 7
2 1 5 6 3 7 4
4 6 1 5 7 3 2
4 2 6 3 5 7 1
4 6 5 1 2 7 3
4 5 2 6 1 7 3
1 5 7 3 6 2 4
4 2 5 1 3 6 7
5 7 3 4 2 6 1
3 4 6 1 7 2 5
4 3 6 7 1 2 5
2 1 7 3 4 6 5
5 3 7 4 2 6 1
7 1 4 2 3 5 6
6 3 5 7 2 4 1
7 4 3 2 5 1 6
1 5 4 3 2 7 6
7 3 4 6 1 2 5
6 3 2 4 7 1 5
4 6 1 7 2 3 5
6 4 7 5 1 2 3
5 3 4 7 1 2 6
3 6 4 7 1 5 2
5 2 1 4 7 6 3
4 1 3 6 5 7 2
7 5 2 3 4 6 1
6 2 7 1 5 3 4
4 3 1 7 5 6 2
5 3 1 4 6 2 7
3 4 2 1 5 7 6
2 7 1 3 6 4 5
6 3 4 2 5 7 1
5 3 7 6 2 4 1
6 5 4 7 2 3 1
1 3 6 7 5 2 4
2 6 1 3 4 7 5
4 7 5 6 3 1 2
2 6 4 3 1 5 7
5 7 2 3 1 4 6
2 4 1 3 7 6 5
7 6 5 1 4 2 3
2 1 4 6 3 7 5
7 2 3 1 6 4 5
5 2 4 1 3 7 6
1 7 4 3 5 2 6
3 2 5 7 4 1 6
7 3 2 4 6 1 5
7 2 3 1 4 5 6
4 2 7 5 6 1 3
4 6 7 2 1 3 5
3 6 4 7 5 2 1
3 1 6 4 7 5 2
2 1 3 7 5 4 6
5 4 2 3 7 6 1
5 6 1 4 7 2 3
6 4 2 7 5 3 1
4 6 5 1 7 2 3
2 1 7 4 6 5 3
2 4 1 3 5 7 6
7 2 6 3 5 1 4
5 7 6 3 1 4 2
1 2 3 5 7 4 6
2 1 4 3 6 5 7
5 7 3 1 6 2 4
7 6 4 1 3 5 2
3 6 1 4 2 5 7
5 4 2 6 3 7 1
5 2 7 1 4 3 6
3 1 7 4 6 2 5
7 3 6 1 4 2 5
3 7 1 2 4 6 5
5 1 4 3 6 7 2
7 5 4 2 6 1 3
1 4 2 3 7 6 5
2 5 1 6 4 3 7
6 5 7 3 1 4 2
2 3 5 1 7 6 4
6 4 7 2 3 1 5
7 6 2 1 5 4 3
4 7 5 3 2 6 1
7 6 1 3 4 2 5
2 7 3 4 5 6 1
7 6 1 5 3 4 2
1 5 2 3 7 4 6
6 4 7 5 3 2 1
6 3 5 4 2 1 7
5 2 1 7 6 4 3
7 4 5 6 3 2 1
3 4 1 7 2 6 5
5 6 2 3 1 7 4
5 3 4 6 7 2 1
4 3 1 7 6 5 2
1 5 6 3 4 2 7
7 5 4 6 1 3 2
5 7 3 1 4 2 6
3 5 4 7 2 6 1
2 7 5 1 6 3 4
4 2 6 5 3 7 1
7 3 4 5 1 6 2
6 1 7 3 4 2 5
4 5 3 1 2 6 7
1 2 3 5 6 4 7
7 3 2 5 1 4 6
1 7 5 3 2 6 4
1 3 5 7 4 2 6
4 5 1 7 2 3 6
2 6 1 4 3 7 5
5 6 7 1 3 4 2
1 7 4 3 6 2 5
1 3 7 5 4 2 6
6 7 5 4 2 3 1
5 2 7 4 3 1 6
4 6 1 7 2 5 3
2 1 7 6 3 4 5
1 5 7 3 4 2 6
6 1 4 7 5 3 2
2 5 7 6 4 1 3
1 2 3 7 5 4 6
6 1 2 7 5 3 4
4 1 6 5 2 7 3
1 4 3 2 6 7 5
5 1 7 2 3 6 4
1 5 6 3 4 2 7
1 3 6 7 4 5 2
6 1 2 3 4 5 7
7 1 2 4 6 5 3
7 3 5 6 1 4 2
2 5 3 1 6 4 7
2 4 1 6 3 7 5
7 4 5 2 6 1 3
7 2 6 5 4 3 1
7 1 5 6 2 3 4
4 6 5 2 3 7 1
5 1 4 6 3 7 2
7 1 4 3 2 6 5
5 6 7 1 3 2 4
6 5 3 1 2 4 7
1 3 5 4 7 6 2
4 3 2 7 1 5 6
1 6 5 4 3 7 2
1 4 6 7 5 3 2
4 2 1 3 5 6 7
2 4 7 5 6 3 1
3 4 2 6 5 1 7
2 1 4 7 6 5 3
6 2 4 3 1 7 5
5 1 6 2 4 3 7
5 2 1 3 4 6 7
5 3 1 4 2 6 7
6 4 5 7 1 3 2
2 4 6 7 1 3 5
6 3 7 2 1 4 5
7 4 2 1 3 6 5
7 4 6 1 5 2 3
6 1 4 3 5 7 2
4 1 6 7 5 3 2
3 2 4 1 7 5 6
3 7 6 4 5 2 1
7 4 6 2 3 1 5
7 2 5 3 4 1 6
5 3 1 2 7 6 4
1 3 4 5 7 6 2
7 1 6 4 3 5 2
1 2 4 5 7 3 6
7 3 5 6 2 1 4
1 4 7 2 5 6 3
1 7 6 5 2 4 3
5 6 1 2 3 7 4

4
Frank
Nate
Paul
Melissa
3 4 1 2
4 2 3 1
4 1 2 3
4 1 2 3
3 4 2 1
1 3 4 2
3 2 4 1
1 4 2 3
1 2 4 3
2 3 4 1
1 3 4 2
4 2 1 3
4 2 1 3
1 4 2 3
4 1 3 2
3 2 1 4
3 2 1 4
3 1 2 4

4
Nate
Daniel
Keegan
David
2 3 1 4
3 1 2 4

4
Sam
Peter
David
Daniel
3 1 2 4
3 1 4 2
2 3 4 1
2 4 1 3
4 1 2 3
4 2 3 1
3 1 2 4
1 4 2 3
3 2 1 4
2 3 4 1
4 3 2 1
3 1 4 2
1 4 3 2
2 4 1 3
3 1 2 4
2 3 4 1
3 1 4 2
4 2 1 3
2 3 1 4
1 3 2 4
3 2 4 1
1 2 3 4
1 3 2 4
4 2 1 3
1 3 4 2
2 3 1 4
2 1 3 4
3 2 4 1
3 4 1 2
4 1 3 2
3 1 4 2
2 3 4 1
3 4 1 2
3 4 1 2
2 4 3 1
2 1 4 3
3 1 4 2
1 4 2 3
4 1 2 3
1 3 2 4
1 2 4 3
1 4 2 3
4 1 2 3
3 4 1 2

5
Andrew
Cathy
Sam
Maria
Melissa
4 5 1 3 2
1 5 4 2 3
1 5 2 3 4
4 2 1 5 3
1 5 3 4 2
3 1 2 5 4
2 4 3 1 5
1 4 3 5 2
5 2 4 1 3
1 5 4 2 3
5 2 3 4 1
5 2 3 4 1
2 3 5 1 4
4 3 1 2 5
2 3 4 1 5
5 3 1 4 2
3 5 1 4 2
1 5 3 2 4
1 5 3 4 2
1 4 3 5 2
3 5 1 2 4
5 4 2 3 1
2 3 4 5 1
1 2 4 5 3
5 3 4 2 1
1 2 5 3 4
4 5 3 1 2
4 5 3 2 1
4 1 3 2 5
3 2 5 1 4
3 4 1 5 2
5 4 3 2 1
5 1 4 3 2
4 3 1 5 2
3 5 4 2 1
5 3 1 2 4
1 2 4 5 3
4 3 5 2 1
2 1 5 4 3
3 4 1 5 2
1 4 5 2 3
2 1 3 4 5
2 1 3 5 4
3 1 2 4 5
5 4 3 1 2
1 2 3 5 4
4 1 2 5 3
4 3 1 5 2
2 1 4 3 5
4 2 5 1 3
1 2 4 3 5
3 5 2 1 4
5 1 3 4 2
1 2 5 3 4
2 5 4 3 1
5 2 4 1 3
4 2 3 5 1
4 3 5 1 2
1 4 2 3 5
1 4 2 5 3
4 3 1 5 2
3 1 5 4 2
3 5 4 2 1
5 1 2 4 3
4 3 5 2 1
3 1 4 5 2
5 2 1 4 3
2 5 3 1 4
5 1 2 3 4
5 1 3 4 2
4 1 5 3 2
3 4 1 2 5
2 4 1 5 3
3 2 4 1 5
2 4 1 3 5
2 4 5 1 3
1 3 2 4 5
1 4 5 2 3
5 4 3 2 1
3 2 4 1 5
3 2 1 4 5
4 5 2 1 3
4 5 3 1 2
3 4 2 1 5
3 2 4 5 1
3 5 2 1 4
2 4 1 3 5
5 4 1 2 3
4 2 5 3 1
4 1 5 2 3
4 3 2 5 1
2 4 1 5 3
4 2 3 5 1
4 3 5 2 1
2 5 3 4 1
3 4 1 2 5
3 2 4 5 1
5 3 2 1 4
4 3 2 1 5
4 1 5 2 3
5 4 1 2 3
1 3 5 2 4
1 4 3 5 2
4 2 1 5 3
4 1 5 3 2
2 5 4 3 1
5 3 4 2 1
3 5 2 1 4
2 1 5 4 3
2 1 4 5 3
5 2 4 1 3
1 5 2 3 4
1 3 2 4 5
2 1 3 4 5
2 3 4 1 5
3 4 5 2 1
2 5 4 1 3
4 3 2 1 5
3 2 4 1 5
4 1 3 2 5
2 1 5 3 4
5 4 3 1 2
5 4 2 1 3
4 2 3 1 5
5 3 2 1 4
4 2 1 5 3
2 1 5 3 4
5 4 1 3 2

4
Cathy
Paul
Neal
Nicole
4 3 2 1
2 3 1 4
4 2 1 3
2 3 1 4
1 2 4 3
1 2 3 4
3 1 2 4
3 2 1 4
2 1 4 3
2 4 1 3
4 1 3 2
1 2 4 3
3 4 1 2
4 1 3 2
2 4 1 3
1 3 2 4
4 1 3 2
3 2 4 1
4 3 2 1
3 1 2 4
4 2 3 1
2 3 4 1
2 4 1 3
4 3 1 2
4 1 3 2
3 4 2 1
4 3 1 2
2 3 1 4
4 3 2 1
1 4 2 3
1 2 4 3
2 3 1 4
4 1 3 2
1 2 3 4
4 1 2 3
4 3 1 2
4 2 1 3
3 4 1 2

7
Peter
Frank
Nate
Melissa
Neal
Nicole
Maria
1 2 3 7 4 5 6
3 1 6 2 5 4 7
4 6 3 5 1 2 7
5 3 4 2 7 6 1
4 3 7 6 5 1 2
3 4 6 5 7 1 2
1 4 2 6 7 3 5
6 7 1 5 4 2 3
2 6 5 1 7 3 4
5 3 1 4 6 7 2
3 5 7 4 6 1 2
4 5 6 3 2 7 1
3 7 4 1 2 6 5
4 7 5 1 6 3 2
7 2 4 1 3 5 6
1 2 6 4 7 5 3
4 5 3 7 2 6 1
7 5 6 2 1 3 4
6 1 3 2 7 5 4
3 6 4 5 2 7 1
5 1 2 6 4 3 7
5 3 6 2 1 7 4
6 1 4 7 3 5 2
6 3 4 2 1 5 7
3 7 6 1 4 2 5
7 6 1 3 2 4 5
4 1 5 2 6 7 3
4 1 3 6 5 2 7
2 6 1 5 7 4 3
7 2 4 5 3 6 1
7 1 6 2 4 3 5
5 2 1 3 7 4 6
4 6 5 3 7 2 1
7 2 5 1 4 6 3
5 6 7 4 2 1 3
1 2 6 4 7 3 5
7 4 6 3 2 1 5
6 4 2 5 3 7 1
5 2 3 6 4 1 7
5 4 2 6 7 1 3
4 6 2 3 5 1 7
6 7 2 3 5 4 1
6 3 5 7 1 4 2
2 6 1 7 3 4 5
2 5 3 6 1 7 4
7 3 5 4 6 2 1
1 5 3 7 4 2 6
4 3 7 2 5 1 6
3 1 7 6 2 5 4
4 1 7 3 5 2 6
7 1 2 5 3 6 4
4 6 5 7 3 2 1
2 4 5 3 7 6 1
6 3 2 7 1 5 4
3 5 6 7 2 1 4
6 1 5 4 2 3 7
4 5 7 6 3 1 2
3 5 7 4 6 1 2
4 3 2 6 1 5 7
1 3 2 7 4 6 5
5 7 6 3 1 4 2
7 1 6 3 4 2 5
1 5 7 6 2 4 3
5 4 1 6 3 7 2
2 4 1 6 7 5 3
7 1 2 5 4 3 6
2 3 1 7 5 4 6
1 2 6 7 4 3 5
3 1 7 6 5 4 2
6 4 7 1 2 3 5
4 2 5 1 7 6 3
6 2 7 4 5 1 3
6 2 5 1 4 7 3
2 1 3 6 4 7 5
2 6 4 1 7 5 3
3 6 7 2 1 5 4
5 7 6 1 3 2 4
7 5 3 2 4 1 6
2 7 3 4 5 1 6
2 5 6 7 1 3 4
5 4 2 7 1 6 3
3 6 1 2 4 5 7
3 7 4 6 1 5 2
4 2 3 6 5 1 7
5 6 2 7 4 1 3
1 2 6 3 5 7 4
2 6 4 5 1 7 3
6 3 4 5 2 1 7
1 6 7 5 4 2 3
7 5 2 4 6 1 3
6 4 5 1 3 2 7
1 2 7 3 4 5 6
1 7 5 2 3 4 6
1 2 4 7 6 3 5
6 3 2 1 7 4 5
1 5 6 4 7 3 2
2 5 3 1 6 7 4
6 1 5 3 4 2 7
7 6 2 5 3 4 1
1 5 6 7 4 2 3
2 7 6 1 4 3 5
7 2 4 1 5 6 3
2 1 5 7 4 6 3
5 7 3 2 1 4 6
5 4 7 3 2 6 1
2 7 1 5 3 6 4
5 2 7 4 1 3 6
4 6 7 2 3 5 1
7 2 6 3 1 5 4
5 6 1 3 4 7 2
3 2 6 5 1 7 4
6 7 4 1 2 3 5
5 3 1 7 2 4 6
2 1 7 4 6 3 5
1 6 4 2 7 5 3
4 5 1 2 7 6 3
6 5 3 4 7 2 1
4 1 2 6 7 5 3
4 3 6 5 2 1 7
6 5 4 7 2 1 3
6 4 3 2 1 5 7
1 7 5 4 2 6 3
2 6 7 1 3 4 5
2 3 7 1 4 5 6
2 7 6 3 4 1 5
2 7 6 1 5 3 4
3 7 1 5 4 2 6
5 3 7 1 4 6 2
6 2 4 3 1 5 7
4 7 2 5 6 1 3
6 5 2 1 3 7 4
2 7 6 5 1 4 3

5
Cathy
Daniel
Nate
Keegan
Cody
2 4 1 3 5
1 4 2 3 5
3 5 1 2 4
4 3 1 5 2
5 4 1 2 3
5 1 4 3 2
3 1 5 2 4
4 2 3 1 5
1 4 5 2 3
4 1 3 5 2
3 5 2 4 1
1 2 5 4 3
4 1 5 3 2
4 2 1 3 5
1 2 5 4 3
5 1 2 3 4
4 3 1 2 5
3 5 2 1 4
5 1 2 3 4
4 2 3 5 1
1 2 4 5 3
3 2 4 1 5
4 3 2 5 1
4 3 1 2 5
5 3 4 2 1
1 3 4 5 2
2 1 4 3 5
3 2 5 1 4
1 5 3 4 2
2 1 4 5 3
4 2 1 5 3
1 5 2 4 3
2 4 5 1 3
2 4 1 5 3
1 3 2 5 4
1 4 3 2 5
3 2 4 5 1
2 4 3 5 1
5 3 2 1 4
5 3 2 4 1
5 1 4 2 3
2 5 1 4 3
4 5 1 3 2
5 1 4 3 2
3 1 5 2 4
1 3 5 4 2
1 4 3 5 2
1 4 5 3 2
3 4 5 2 1
3 1 5 4 2
1 3 2 5 4
2 4 1 5 3
5 4 1 3 2
4 5 3 1 2
3 1 2 5 4
4 1 2 5 3
4 2 1 5 3
2 4 5 3 1
4 1 2 5 3
4 3 5 2 1
2 5 4 3 1
1 2 5 3 4
5 4 1 2 3
5 2 3 4 1
3 5 4 1 2
1 5 3 4 2
2 3 1 4 5
5 1 4 2 3
3 1 5 2 4
5 1 2 4 3
1 4 2 5 3
3 2 5 4 1
1 2 4 5 3
5 4 2 1 3
4 5 3 2 1
4 5 1 2 3
2 4 1 5 3
2 5 3 1 4
4 2 1 3 5
3 1 4 5 2
2 1 4 3 5
3 1 4 5 2
4 5 3 2 1
2 4 5 3 1
5 2 1 4 3
4 1 5 2 3
4 1 3 2 5
1 4 2 5 3
3 1 5 2 4
3 2 4 5 1
3 1 5 2 4
1 2 5 3 4
3 4 1 5 2
5 3 1 2 4
1 4 5 2 3
1 3 5 2 4
4 3 1 5 2
3 4 1 5 2
3 4 5 1 2
4 1 3 2 5
3 2 1 5 4
1 3 4 2 5
3 1 4 2 5
1 2 3 5 4
5 1 3 2 4
4 3 5 2 1
4 5 3 1 2
1 2 5 3 4
5 4 2 1 3
5 2 3 4 1
2 5 3 4 1
1 3 4 5 2
2 3 4 5 1
5 2 4 3 1
1 3 2 4 5
5 4 1 2 3
4 5 3 2 1
3 2 5 1 4
3 2 1 5 4
2 1 3 5 4
3 1 5 4 2
4 1 3 5 2
1 4 5 2 3
5 3 4 2 1
3 2 1 4 5
5 4 1 2 3

7
Cathy
Keegan
Andrew
Peter
Sam
Maria
Nicole
5 3 7 6 2 1 4
3 4 1 6 5 7 2
6 4 7 3 5 2 1
6 5 2 3 4 7 1
5 2 6 3 1 7 4
5 6 1 7 3 4 2
1 6 7 5 3 4 2
5 1 4 7 6 2 3
4 5 1 2 6 3 7
5 1 7 2 4 6 3
5 7 4 3 6 1 2
1 3 4 5 6 2 7
1 4 6 7 2 5 3
1 6 2 7 3 5 4
6 2 3 1 7 5 4
4 1 7 5 3 6 2
5 3 1 2 4 6 7
7 2 6 1 5 4 3
1 3 2 4 7 5 6
6 3 5 2 4 1 7
3 7 2 4 1 6 5
6 7 5 4 1 2 3
5 2 3 4 1 6 7
5 3 1 4 6 2 7
4 6 1 3 2 7 5
6 4 7 3 1 2 5
6 2 3 1 4 5 7
6 7 2 3 4 5 1
2 7 1 5 6 4 3
2 1 6 5 3 4 7
5 6 2 1 3 7 4
5 7 1 2 4 3 6
4 7 2 3 6 5 1
4 2 1 7 3 5 6
1 4 6 3 2 7 5
4 3 6 2 1 7 5
7 5 4 6 3 2 1
3 5 7 6 2 4 1
1 6 7 4 3 5 2
2 5 1 4 7 6 3
6 1 3 4 2 5 7
1 4 6 3 2 7 5
6 3 4 5 2 7 1
7 5 2 6 1 3 4
6 3 2 7 1 4 5
7 1 3 2 5 4 6
5 1 7 2 3 4 6
3 1 2 4 5 6 7
5 2 1 4 3 7 6
2 7 3 5 6 4 1
2 1 5 6 3 7 4
5 7 3 1 4 6 2
6 1 4 5 2 7 3
4 6 1 3 7 5 2
3 4 7 6 2 5 1
4 2 1 5 6 7 3
2 1 7 4 6 5 3
7 4 6 3 1 2 5
5 2 4 6 1 7 3
3 4 7 2 1 5 6
1 4 3 5 7 6 2
3 4 6 7 5 2 1
6 4 2 3 7 1 5
2 1 5 4 7 3 6
4 6 1 5 3 7 2
5 4 6 3 7 1 2
3 5 2 1 4 7 6
2 3 5 1 6 7 4
3 4 7 1 2 6 5
7 6 1 2 5 3 4
7 1 5 4 2 3 6
7 5 1 3 4 2 6
4 2 7 6 1 3 5
2 7 6 5 1 4 3
6 5 4 2 1 3 7
3 6 2 5 4 7 1
2 4 1 5 6 7 3
6 4 1 2 3 5 7
3 4 7 2 1 5 6
3 1 4 5 6 7 2
2 1 7 4 6 3 5
2 6 1 7 4 3 5
1 5 7 4 6 3 2
3 1 2 6 7 4 5
4 5 6 1 7 3 2
5 6 3 2 7 1 4
1 7 6 2 4 5 3
2 5 4 3 7 1 6
1 2 3 5 7 4 6
3 6 7 1 2 4 5
4 1 6 3 7 2 5
4 3 2 5 6 7 1
6 5 2 7 1 4 3
2 1 3 4 5 6 7
5 7 2 4 1 6 3
5 1 6 2 3 4 7
5 4 7 3 2 6 1
7 6 5 3 1 2 4
1 5 2 7 6 4 3
3 2 7 6 5 1 4
6 5 7 1 2 3 4
6 7 2 3 4 5 1
2 5 3 7 1 6 4
3 6 1 2 5 4 7
3 4 5 2 7 6 1
6 4 1 7 2 5 3
1 5 2 3 6 7 4
3 6 7 1 2 4 5
2 4 1 3 5 7 6
1 2 6 5 4 7 3
4 3 6 1 5 2 7
2 4 3 5 7 1 6
3 4 6 1 7 2 5
5 6 7 1 2 3 4
4 3 5 2 6 7 1
7 3 5 4 2 1 6
4 7 1 3 2 6 5
6 1 3 4 5 2 7
6 5 2 3 1 7 4
4 6 7 2 5 3 1
3 5 4 2 7 6 1
7 6 2 3 5 1 4
1 5 2 7 4 6 3
7 2 5 1 4 6 3
4 3 2 6 7 5 1
6 3 5 2 1 4 7
2 1 4 3 6 7 5
3 1 7 6 4 2 5
5 6 3 2 1 7 4
1 2 6 7 4 5 3
5 4 1 7 3 6 2
2 6 5 4 1 3 7
7 3 1 6 5 4 2
6 4 2 3 1 5 7
2 3 1 5 6 7 4
5 4 3 1 7 6 2
2 1 5 7 6 4 3
1 5 4 2 3 7 6
6 3 5 2 1 7 4
6 3 4 2 1 5 7
5 1 6 7 4 2 3
3 6 4 7 5 2 1
1 3 4 6 7 5 2
3 7 2 5 1 6 4
3 7 4 5 6 1 2
7 4 5 3 1 6 2
5 1 6 3 7 4 2
4 6 7 5 2 1 3
5 3 7 6 4 1 2
1 5 4 2 6 3 7

5
Andrew
Margo
Sam
Cody
David
5 4 1 3 2
2 1 5 3 4
5 2 3 4 1
3 5 1 4 2
5 3 1 2 4
5 1 4 2 3
4 1 5 2 3
5 4 2 3 1
5 4 3 2 1
1 3 5 4 2
5 1 4 3 2
2 3 5 4 1
4 3 5 2 1
5 3 2 4 1
4 2 5 3 1
1 2 5 3 4
1 3 5 2 4
5 1 4 3 2
4 1 5 3 2
1 3 5 4 2
5 1 2 3 4
4 1 2 5 3

7
Nate
Melissa
Daniel
Keegan
Andrew
Neal
David
7 6 2 4 5 3 1
6 2 7 4 5 1 3
4 7 1 2 3 5 6
4 1 7 2 5 6 3
5 1 6 3 4 7 2
5 6 3 1 4 2 7
5 1 3 6 7 4 2
2 4 1 3 7 6 5
5 1 2 3 4 6 7
7 3 1 2 6 5 4
1 6 4 5 7 3 2
4 6 5 1 2 3 7
4 6 2 5 1 3 7
5 4 1 6 2 7 3
3 2 6 5 7 4 1
5 2 7 1 6 4 3
7 1 2 4 6 3 5
1 5 2 6 7 4 3
6 1 7 3 4 2 5
5 1 6 7 3 2 4
5 3 4 1 7 2 6
1 3 6 4 2 5 7
5 2 4 6 3 7 1
6 3 5 2 7 4 1
3 1 7 4 6 2 5
2 7 5 3 6 1 4
5 3 6 4 1 7 2
4 1 2 5 7 3 6
5 2 3 6 1 4 7
6 4 1 3 5 7 2
7 2 6 4 5 3 1
2 1 3 6 4 5 7
1 2 5 3 7 6 4
3 1 4 6 5 7 2
7 1 3 5 4 6 2
3 4 1 5 7 2 6
6 2 4 7 3 1 5
4 1 3 6 5 7 2
1 2 6 5 7 3 4
1 3 2 6 4 5 7
4 2 3 1 7 5 6
2 4 6 5 3 7 1
1 5 2 7 6 3 4
7 6 2 5 4 3 1
2 6 7 5 3 4 1
1 7 5 4 2 6 3
6 1 4 7 5 3 2
5 1 4 6 7 3 2
6 3 4 1 5 7 2
2 3 7 1 6 4 5
2 3 5 7 1 4 6
2 5 3 7 1 6 4
7 5 2 4 6 3 1
6 3 7 2 5 4 1
7 4 1 6 5 3 2
1 4 7 2 6 5 3
3 5 2 4 6 7 1
2 1 6 7 4 3 5
1 7 4 2 6 3 5
6 7 3 1 2 4 5
2 4 1 3 5 6 7
7 5 4 3 2 6 1
5 6 3 4 2 7 1
6 7 1 3 4 2 5
2 4 7 5 6 1 3
1 4 6 3 2 7 5
1 4 2 7 6 3 5
3 6 1 2 5 4 7
4 2 7 5 6 1 3
2 5 7 6 3 4 1
6 3 7 2 4 5 1
2 3 4 6 5 7 1
4 1 3 5 6 2 7
5 3 1 7 6 2 4
2 4 3 1 7 6 5
3 2 4 5 6 1 7
1 2 3 6 5 7 4
2 7 3 5 4 1 6
6 5 4 7 3 2 1
2 6 7 3 4 1 5
5 7 4 1 3 6 2
7 5 3 4 1 6 2
5 3 6 4 1 7 2
6 4 3 2 5 7 1
2 4 1 6 7 3 5
4 1 3 2 5 7 6
5 1 6 4 2 3 7
3 4 5 2 7 6 1

7
Sam
Melissa
Peter
Nicole
Paul
Frank
Daniel
1 5 3 6 2 7 4
2 6 4 3 5 7 1
6 5 7 1 2 4 3
7 4 6 3 5 1 2
1 4 3 6 5 2 7
3 1 4 5 6 7 2
4 6 3 7 2 1 5
7 6 2 3 1 5 4
4 5 7 6 2 3 1
5 2 1 7 3 4 6
6 1 7 4 2 5 3
6 2 3 5 4 1 7
4 7 5 3 2 1 6
1 7 4 6 2 5 3
4 3 1 2 6 5 7
5 4 6 2 1 7 3
7 3 5 1 4 6 2
5 7 2 4 6 3 1
6 3 4 2 7 1 5
2 6 1 3 7 5 4
5 1 7 4 3 2 6
2 6 3 1 5 7 4
5 6 4 1 2 3 7
3 4 1 5 2 7 6
1 6 3 2 7 4 5
7 4 1 3 2 5 6
2 1 4 7 5 6 3
3 5 4 6 1 7 2
1 4 6 5 2 7 3
2 1 4 6 7 3 5
5 2 4 7 1 3 6
7 1 5 6 3 4 2
5 6 4 7 1 3 2
4 6 7 5 2 3 1
3 5 4 7 2 1 6
3 5 7 4 6 1 2
5 3 2 1 4 7 6
5 1 4 6 3 7 2
6 7 1 3 2 5 4
6 4 2 1 7 5 3
4 7 3 5 2 1 6
2 4 5 3 7 6 1
1 2 6 5 7 4 3
3 2 6 1 7 4 5
6 4 5 3 2 1 7
7 2 5 1 4 6 3
2 3 5 6 1 4 7
2 3 5 4 6 7 1
5 6 2 4 7 3 1
3 1 7 5 2 4 6
6 5 7 2 3 1 4
7 3 4 5 2 1 6
7 2 6 1 4 3 5
3 5 6 7 4 1 2
5 4 6 7 3 2 1
3 5 7 4 1 2 6
3 2 7 6 4 5 1
7 2 6 3 4 1 5
3 6 4 7 1 5 2
2 1 3 7 4 5 6
2 6 4 5 1 7 3
2 4 1 3 6 7 5
4 3 6 7 2 5 1
1 2 6 5 3 4 7
4 1 7 6 5 3 2
2 5 1 3 4 7 6
2 7 6 4 1 5 3
2 1 3 6 4 5 7
1 5 2 3 7 4 6
2 6 5 1 4 3 7
7 5 6 3 1 2 4
2 1 4 6 3 7 5
6 7 5 2 3 1 4
6 4 7 5 3 1 2
1 4 6 5 2 7 3
4 2 3 5 7 6 1
5 1 4 7 3 6 2

4
Margo
Keegan
Cathy
Nicole
1 2 4 3
1 2 3 4
3 4 2 1
1 2 4 3
3 2 4 1
1 3 2 4
2 3 1 4
1 3 2 4
4 1 2 3
1 2 4 3
3 1 4 2
2 3 4 1
3 1 4 2
4 3 1 2
2 3 4 1
3 1 2 4
3 2 1 4
3 1 4 2
4 2 1 3
3 1 4 2
4 2 3 1
2 4 1 3
2 4 3 1
4 1 3 2
3 2 4 1
3 1 4 2
3 4 1 2
3 1 2 4
1 4 2 3
1 2 3 4
4 2 3 1
3 1 2 4
1 2 4 3
2 4 3 1
3 1 2 4
4 3 1 2
2 3 1 4
1 3 2 4
2 4 3 1
4 2 1 3
1 3 2 4
4 3 2 1
2 1 4 3
3 4 2 1
2 4 3 1
4 2 3 1
1 2 4 3
2 3 1 4
4 3 2 1
2 3 1 4
1 4 2 3
4 2 3 1
2 3 1 4
4 3 2 1
3 1 4 2
2 4 3 1
3 1 4 2
3 2 4 1
4 1 3 2
3 4 2 1
4 2 1 3
3 2 1 4
3 1 4 2
3 2 4 1
4 3 2 1
3 2 4 1
2 4 1 3
4 3 2 1
3 2 1 4
4 1 2 3

5
Maria
Paul
Frank
Nate
David
2 5 3 4 1
5 2 4 3 1
3 4 2 5 1
3 2 4 5 1
4 2 1 3 5
2 1 5 4 3
4 2 5 3 1
4 3 1 5 2
2 5 3 1 4
2 4 5 3 1
5 1 2 4 3
3 2 5 4 1
5 2 3 4 1
1 4 5 3 2
3 1 4 5 2
1 3 5 2 4
2 4 5 3 1
2 1 5 3 4
2 1 4 5 3
3 5 1 2 4
3 5 2 4 1
4 5 3 2 1
1 3 2 4 5
5 4 3 1 2
4 2 1 3 5
4 5 2 1 3
2 5 3 4 1
1 5 2 3 4
1 3 2 5 4
2 1 3 4 5
2 4 5 3 1
5 1 4 2 3
1 4 3 5 2
1 3 2 4 5
1 5 2 4 3
2 3 5 1 4
3 4 2 5 1
4 1 2 3 5
2 4 1 3 5
4 5 3 2 1
1 3 4 2 5
2 5 3 4 1
1 5 2 3 4
5 1 3 4 2
2 5 4 3 1
5 4 3 1 2
1 3 5 4 2
3 2 4 1 5
3 4 1 5 2
1 5 4 3 2
1 3 4 5 2
2 5 4 3 1
2 5 4 3 1
5 2 1 4 3
2 1 4 5 3
2 4 3 1 5
1 3 5 4 2
2 1 4 3 5
5 1 3 4 2
4 3 5 1 2
4 3 2 5 1
5 4 3 2 1
1 5 4 3 2
3 1 4 5 2
2 3 1 4 5
3 4 2 5 1
1 2 5 3 4
4 5 3 2 1
2 3 1 4 5
1 2 5 4 3
3 2 5 1 4
4 2 3 1 5

7
Margo
Daniel
Cody
David
Andrew
Nicole
Paul
5 2 1 6 4 3 7
6 1 3 7 2 4 5
5 4 1 3 2 6 7
1 6 5 7 3 2 4
4 7 3 6 1 5 2
4 1 6 3 2 5 7
4 5 7 6 3 2 1
7 5 6 3 1 4 2
1 6 5 3 2 4 7
7 2 1 5 3 4 6
2 3 7 6 1 4 5
5 6 2 4 7 3 1
6 2 3 7 5 4 1
7 4 2 6 5 3 1
3 1 5 6 2 4 7
5 1 6 3 4 2 7
7 1 4 3 5 6 2
4 7 6 1 2 3 5
4 2 1 3 5 6 7
5 2 1 3 6 4 7
2 6 3 4 7 5 1
4 3 1 6 7 2 5
1 2 7 3 4 6 5
1 6 3 4 5 7 2
3 1 7 6 4 5 2
3 4 6 1 7 5 2
6 5 7 1 3 4 2
3 1 6 7 4 2 5
3 6 7 1 5 2 4
4 1 2 5 3 6 7
6 1 3 4 7 2 5
4 6 3 2 7 1 5
5 6 2 3 7 1 4
7 3 1 6 4 5 2
6 7 4 2 1 5 3
6 5 1 4 2 7 3
7 3 4 6 1 5 2
5 6 4 1 7 2 3
3 4 2 7 1 5 6
5 4 3 7 1 6 2
1 7 4 2 6 3 5
4 6 3 1 7 2 5
3 7 4 6 5 2 1
5 7 1 4 3 6 2
6 5 7 2 3 1 4
7 1 5 6 4 3 2
5 7 2 3 4 6 1
6 2 3 1 4 5 7
6 2 7 1 4 5 3
7 4 2 5 3 1 6
3 4 2 7 5 6 1
2 5 3 7 6 1 4
6 2 4 3 1 7 5
5 4 7 1 6 3 2
4 7 2 5 1 6 3
5 1 6 3 7 2 4
4 1 5 2 6 7 3
4 6 2 1 7 5 3
2 1 3 4 6 7 5
1 7 2 4 3 6 5
2 4 5 6 3 1 7
5 7 3 4 2 6 1
6 2 7 3 4 5 1
2 3 1 4 7 5 6
5 2 6 7 4 3 1
3 2 5 1 6 4 7
1 3 5 7 2 6 4
6 1 3 2 7 4 5
2 3 5 4 6 1 7
6 3 5 7 4 1 2
5 1 2 7 6 3 4
5 4 3 6 1 7 2
2 1 3 4 5 6 7
3 1 2 4 6 5 7
5 3 6 2 1 7 4
4 6 2 1 3 5 7
7 5 6 2 4 1 3
5 7 6 3 2 4 1
6 1 7 2 4 3 5
5 2 6 1 3 4 7
5 1 3 4 2 6 7
3 4 1 5 7 6 2
5 7 2 4 3 6 1
6 1 2 4 5 7 3
3 4 2 1 5 6 7
3 2 6 1 5 4 7
1 3 5 4 6 2 7
3 1 2 4 6 7 5
4 1 5 2 7 3 6
1 2 6 4 3 7 5

5
Frank
Cody
Daniel
David
Peter
5 4 1 3 2
2 4 5 1 3
3 4 5 2 1
1 5 2 4 3
5 1 4 2 3
3 5 4 2 1
5 4 3 1 2
1 3 5 2 4
1 4 2 3 5
4 5 1 2 3
5 2 1 3 4
5 4 2 1 3
4 3 2 5 1
1 4 5 3 2
2 4 3 1 5
4 1 2 3 5
2 5 4 1 3
4 5 3 1 2
1 4 3 5 2
3 1 2 5 4
1 4 3 5 2
3 5 4 1 2
3 4 2 1 5
3 5 1 2 4
5 4 1 2 3
5 1 4 3 2
2 4 1 3 5
5 1 4 2 3
4 1 3 2 5
2 5 4 3 1
5 4 3 1 2
2 4 5 3 1
2 4 3 1 5
1 3 4 2 5
3 4 2 5 1
1 5 2 3 4
1 4 5 3 2
5 4 2 3 1
2 1 4 3 5
2 3 1 4 5
4 2 3 5 1
2 4 5 3 1
2 3 4 5 1
5 3 2 1 4
1 5 3 2 4
5 4 2 3 1
4 3 2 1 5
3 4 1 2 5
4 5 2 1 3
5 2 4 1 3
1 4 3 2 5
4 5 2 1 3
5 3 4 1 2
4 1 5 2 3
2 4 1 5 3
4 5 1 3 2
1 4 5 3 2
2 3 5 1 4
5 3 2 4 1
4 3 2 1 5
5 2 3 4 1
4 3 1 5 2
5 2 1 4 3
3 2 1 5 4
5 1 4 3 2
3 4 2 5 1
1 3 2 5 4
4 3 5 1 2
5 4 3 1 2
1 3 2 5 4
1 3 4 5 2
2 4 1 5 3
4 1 2 5 3
1 3 4 2 5
4 1 3 2 5
3 5 4 1 2
1 5 4 3 2
5 3 2 4 1
3 5 2 4 1
1 4 3 5 2
3 4 2 5 1
4 3 5 1 2
4 3 2 1 5
1 5 3 4 2
1 4 2 5 3
5 1 3 2 4
3 1 4 5 2
2 3 1 4 5
1 5 3 4 2
4 5 2 3 1
2 3 5 4 1
3 4 5 1 2
4 3 2 5 1
4 5 3 1 2
2 1 4 5 3
3 4 2 5 1
4 1 5 3 2
5 4 1 3 2
1 4 3 2 5
3 5 1 4 2
4 1 2 5 3
1 2 3 4 5
4 5 2 3 1
1 5 2 4 3
4 2 3 1 5
2 3 1 5 4

7
Keegan
Nicole
Cody
Paul
Margo
Daniel
Melissa
1 2 4 3 5 7 6
6 3 1 4 5 2 7
5 3 7 4 1 6 2
3 2 5 4 7 1 6
2 4 1 7 5 6 3
6 5 2 1 7 4 3
3 1 4 6 7 5 2
2 5 6 1 4 7 3
2 4 5 6 7 3 1
6 1 5 4 2 7 3
2 5 6 7 4 3 1
1 7 6 3 4 2 5
5 6 1 4 2 3 7
4 2 5 1 3 6 7
2 6 4 5 7 3 1
2 3 4 1 7 6 5
3 2 1 5 4 7 6
6 3 1 2 7 5 4
2 5 1 6 7 3 4
6 1 3 4 7 2 5
2 7 6 4 3 1 5
1 6 4 2 7 3 5
2 5 4 3 1 7 6
7 6 5 4 2 3 1
3 7 2 1 4 5 6
7 4 2 3 1 6 5
5 1 3 7 4 6 2
7 6 4 5 1 2 3
6 7 3 5 2 1 4
3 4 6 2 5 7 1
7 1 3 6 2 5 4
6 2 7 3 4 1 5
1 7 3 6 5 2 4
3 7 2 1 4 5 6
5 6 4 2 1 7 3
6 7 1 2 4 5 3
7 5 4 2 6 3 1
2 5 7 1 3 4 6
3 7 5 2 4 1 6
2 7 1 6 4 3 5
5 3 2 6 1 7 4
7 6 1 3 4 2 5
4 7 3 1 6 5 2
4 7 5 6 1 3 2
2 3 6 4 7 1 5
4 2 6 3 5 7 1
6 7 2 4 1 3 5
2 7 1 3 5 6 4
5 4 7 2 3 6 1
2 7 4 5 1 3 6
6 2 7 3 4 1 5
5 3 6 7 1 4 2
5 4 6 3 2 7 1
3 5 1 6 2 4 7
4 3 5 7 1 2 6
7 3 5 4 1 2 6
3 1 5 6 2 4 7
7 4 1 6 2 3 5
2 6 1 3 4 7 5
4 1 7 3 5 2 6
2 5 4 7 1 3 6
2 5 3 7 4 6 1
1 3 2 4 6 7 5
5 3 4 7 2 6 1
5 4 6 2 3 1 7
1 2 5 3 6 7 4
1 6 7 3 4 2 5
6 2 1 3 4 5 7
2 4 7 3 1 5 6
6 7 2 4 3 1 5
2 7 1 3 5 6 4
6 1 3 2 4 7 5
2 3 4 6 1 7 5
3 6 2 5 7 1 4
2 7 5 6 4 1 3
6 5 2 3 1 4 7
4 2 7 3 1 6 5
3 2 4 7 5 1 6
4 7 3 2 6 1 5
4 3 7 5 6 2 1
6 4 5 2 1 3 7
5 6 3 2 4 7 1
6 1 5 3 7 2 4
7 5 4 1 3 2 6
5 1 4 3 6 2 7
3 6 5 1 2 4 7
5 6 7 4 3 2 1
3 1 2 4 5 7 6
6 7 4 1 5 2 3
1 7 3 4 5 2 6
1 4 5 3 2 6 7
4 7 5 2 6 3 1
4 1 2 3 5 7 6
7 2 6 3 5 1 4
1 2 6 3 7 4 5
6 5 4 1 7 2 3
3 7 2 1 5 6 4
4 7 2 1 3 6 5
7 6 4 1 2 5 3
2 1 4 7 3 6 5
6 5 2 3 1 4 7
1 5 2 4 7 3 6
7 3 1 5 2 6 4
7 1 3 4 2 6 5
1 3 6 5 2 7 4
2 7 4 6 3 1 5
4 6 3 2 1 5 7
4 6 7 2 5 1 3
6 5 4 2 3 1 7
6 3 5 1 7 2 4
1 5 6 3 7 4 2
3 4 6 2 7 1 5
3 1 7 6 4 2 5
6 5 4 2 1 3 7
4 1 6 3 5 7 2
5 7 1 4 3 2 6
4 1 2 3 6 5 7
4 3 6 5 2 7 1
6 4 1 7 2 3 5
5 3 6 1 4 2 7
1 5 7 2 6 4 3
6 2 4 7 1 3 5
2 1 7 4 3 5 6
2 5 7 6 1 3 4
1 7 3 4 5 2 6
6 2 7 5 1 4 3
4 6 2 5 1 3 7
3 1 6 7 4 5 2
2 1 3 4 5 6 7
6 3 5 1 2 4 7
1 4 2 3 6 7 5
1 2 6 4 7 3 5
2 1 7 5 4 3 6
2 6 7 1 4 5 3
2 4 6 3 7 5 1
2 4 6 5 7 1 3
6 4 1 7 3 5 2
3 5 6 1 7 2 4
6 5 2 1 3 7 4
6 2 4 7 5 1 3
6 5 4 3 1 2 7
3 2 5 7 1 4 6
6 1 4 5 7 3 2
1 2 7 6 5 4 3
7 2 6 5 4 3 1
2 5 3 7 6 4 1
6 4 3 2 1 7 5
4 1 6 5 7 2 3
3 4 6 7 5 2 1
1 3 5 7 6 4 2
4 5 7 1 6 2 3
6 4 3 7 1 5 2
2 5 4 1 3 7 6
7 3 2 5 4 6 1
3 5 6 7 1 4 2
2 5 6 7 4 3 1
2 3 5 4 6 7 1

6
Cody
Maria
Nicole
Cathy
Neal
Frank
6 4 1 3 2 5
5 1 2 6 3 4
2 6 3 1 5 4
5 2 6 4 1 3
4 1 2 5 3 6
3 4 6 2 1 5
4 3 2 5 1 6
1 3 2 4 6 5
1 3 2 5 4 6
6 1 2 5 4 3
3 5 4 1 2 6
6 5 4 1 2 3
4 1 2 3 6 5
6 1 5 4 3 2
4 5 6 3 2 1
4 3 6 1 2 5
4 1 6 5 3 2
1 3 4 5 6 2
1 2 3 6 5 4
2 5 6 3 1 4
1 4 3 2 5 6
5 6 2 4 1 3
2 1 6 5 3 4
1 4 3 5 6 2
2 1 5 6 3 4
2 3 5 1 6 4
1 5 3 4 6 2
5 4 2 3 1 6
2 3 5 1 4 6
1 2 6 5 4 3
4 1 3 2 5 6
6 5 4 3 1 2
1 2 5 4 3 6
6 2 1 4 5 3
6 3 5 1 4 2
6 4 2 3 1 5
4 1 6 2 3 5
2 4 1 6 3 5
5 6 1 3 4 2
2 1 3 4 6 5
5 2 1 6 3 4
3 4 5 1 2 6
6 2 1 5 4 3
3 4 6 5 1 2
6 1 2 3 4 5
5 4 3 2 6 1
3 1 5 4 6 2
6 2 3 1 4 5
2 3 6 1 4 5
4 1 5 2 3 6
4 2 5 3 1 6
2 5 1 6 3 4
6 1 3 4 2 5
1 4 2 3 6 5
5 3 2 4 6 1
3 2 6 4 1 5
3 6 1 2 4 5
6 3 1 2 4 5
5 6 1 4 2 3
5 2 3 6 4 1
3 2 6 1 5 4
5 3 6 1 4 2
6 1 5 3 2 4
1 2 4 3 5 6
5 3 6 4 2 1
2 1 3 5 6 4
6 1 2 4 3 5
4 5 2 6 3 1
1 3 2 4 5 6
1 5 3 4 2 6
2 4 1 3 6 5
6 1 5 3 4 2
1 2 4 6 3 5
5 2 4 6 3 1
4 5 1 2 3 6
3 4 5 1 6 2
5 2 6 4 1 3
6 2 3 4 5 1
2 6 3 5 4 1
2 6 5 4 3 1
6 2 1 3 5 4
2 4 6 5 3 1
2 6 1 4 3 5
5 6 1 4 3 2
6 4 1 5 3 2
2 6 1 5 4 3
6 3 5 1 4 2
6 3 5 2 1 4
5 3 2 1 6 4
1 4 6 5 2 3
1 4 2 5 3 6
5 2 3 1 6 4
6 1 2 5 4 3
1 4 5 6 3 2
3 6 1 2 5 4
2 3 6 4 5 1
4 5 2 6 3 1
2 1 3 5 6 4
5 1 4 6 2 3
5 2 3 6 1 4
1 6 3 5 4 2
3 6 4 2 1 5
4 6 5 3 1 2
5 2 1 4 6 3
2 6 3 4 5 1
3 2 5 6 1 4
1 5 2 4 6 3
6 4 2 3 5 1
1 2 6 4 3 5
1 6 2 5 4 3
1 6 5 4 3 2
4 2 3 6 1 5
3 1 5 6 4 2
1 5 4 3 2 6
4 1 5 2 3 6
3 2 1 4 5 6
2 5 3 4 1 6
3 4 6 2 1 5
2 5 3 1 4 6
6 3 4 1 5 2
3 6 5 1 4 2
5 2 6 4 3 1
4 5 1 3 2 6
4 2 1 5 6 3
3 2 1 6 4 5
6 5 1 2 3 4
3 4 1 5 2 6
1 6 2 4 3 5
1 3 6 5 4 2
2 5 4 3 1 6
4 5 6 3 1 2
2 6 4 5 3 1

6
Cody
Nate
Daniel
Nicole
Andrew
Cathy
5 6 3 4 1 2
5 1 6 3 4 2
5 2 4 3 6 1
6 1 4 5 2 3
2 3 6 5 4 1
3 1 5 4 6 2
4 2 1 5 3 6
4 6 5 2 3 1
4 3 5 2 6 1
1 5 6 2 4 3
6 4 3 5 1 2
3 5 2 1 6 4
2 3 1 6 5 4
4 3 5 2 6 1
5 1 3 2 4 6
1 3 6 4 5 2
2 4 3 6 1 5
4 2 5 3 1 6
6 1 2 5 4 3
4 6 2 5 1 3
5 1 4 3 2 6
3 6 1 4 2 5
6 5 3 2 4 1
3 6 2 1 5 4
1 3 5 2 4 6
1 6 3 2 4 5
3 6 4 1 5 2
6 3 2 1 4 5
6 3 2 5 4 1
4 5 3 6 1 2
1 5 6 2 3 4
2 6 4 3 5 1
4 1 6 5 3 2
5 3 2 6 1 4
5 4 1 6 3 2

4
Cathy
Keegan
Melissa
Cody
3 1 2 4
1 2 4 3
4 1 2 3
1 3 4 2
3 1 4 2
2 4 3 1
1 3 4 2
2 3 4 1
2 4 3 1
2 4 3 1
2 4 3 1
1 4 3 2
1 4 2 3
4 3 1 2
2 4 3 1
4 2 1 3
1 4 2 3
2 3 1 4
2 3 4 1
3 1 4 2
2 1 4 3
2 1 3 4
2 3 4 1
1 3 2 4
1 4 3 2
1 4 2 3
3 4 2 1
1 3 2 4
2 3 4 1
2 4 3 1
3 2 1 4
3 4 1 2
3 1 4 2
2 1 4 3
1 3 4 2
3 4 2 1
1 4 3 2
4 2 1 3
1 4 2 3
2 3 4 1
4 3 2 1
4 3 1 2
3 2 4 1
1 4 2 3
2 3 4 1
2 4 1 3
1 3 4 2
4 1 2 3
4 3 1 2
4 2 1 3
3 1 2 4
1 4 3 2
3 2 1 4
1 2 4 3
2 4 1 3
2 1 4 3
3 2 4 1
3 4 2 1
2 1 4 3
1 3 2 4

4
Paul
Melissa
David
Peter
3 4 2 1
2 4 3 1
3 1 2 4
3 2 1 4
4 3 1 2
1 3 4 2
3 2 4 1
4 3 2 1
2 1 4 3
3 2 4 1
3 4 1 2
3 2 4 1
1 3 4 2
3 4 1 2
1 4 2 3
3 1 2 4
4 3 2 1
2 3 4 1
2 1 3 4
4 1 2 3
2 1 3 4
4 3 2 1
3 1 4 2
3 4 2 1
1 3 4 2
1 3 4 2
4 2 3 1
2 4 3 1
1 4 3 2
1 4 2 3
4 1 3 2
3 1 2 4
2 3 4 1
4 1 3 2
1 2 3 4
2 1 4 3
1 4 2 3
3 4 2 1
1 4 2 3
3 2 4 1
1 2 3 4
2 1 4 3
2 1 3 4
2 1 3 4
2 1 4 3
2 1 4 3
2 4 3 1
1 4 3 2
4 3 2 1
3 1 2 4
3 1 2 4
2 3 4 1
4 1 3 2
3 1 4 2
4 2 3 1
4 3 2 1
3 4 2 1
3 1 4 2
2 1 4 3
2 1 3 4
4 2 3 1
3 1 2 4
2 3 1 4
1 2 3 4
2 1 3 4
4 1 3 2
4 3 1 2
3 1 2 4
2 1 3 4
4 2 3 1
3 2 1 4
2 4 1 3
2 3 4 1
4 2 3 1
1 3 4 2
4 3 1 2
1 3 4 2
2 3 4 1
2 3 1 4
3 2 1 4
3 4 1 2
3 1 4 2
4 1 3 2
4 2 1 3
1 2 4 3

5
Maria
Cody
Paul
David
Margo
2 3 5 4 1
4 3 5 1 2
2 5 3 4 1
2 4 1 5 3
1 4 5 3 2
3 2 1 4 5
4 2 5 3 1
1 3 2 4 5
4 2 5 3 1
3 5 1 4 2
2 5 4 3 1
3 4 2 1 5
3 2 4 1 5
5 1 2 4 3
2 4 3 1 5
2 5 1 4 3
5 2 4 3 1
5 3 2 1 4
4 2 5 1 3
1 3 5 4 2
1 5 2 3 4
3 4 2 1 5
1 2 5 4 3
5 4 1 2 3
1 3 4 2 5
4 1 3 2 5
3 4 5 1 2
3 1 5 2 4
2 3 5 1 4
2 3 1 5 4
2 3 1 5 4
4 2 1 3 5
5 2 1 4 3
4 1 3 5 2
3 1 2 5 4
3 4 5 2 1
2 5 1 3 4
2 3 1 5 4
3 1 5 2 4
3 1 2 4 5
2 1 4 3 5
3 1 5 4 2
3 4 1 2 5
4 5 1 3 2
2 3 4 5 1
2 3 4 5 1
3 4 5 2 1
1 5 2 3 4
2 5 1 4 3
5 1 4 2 3
1 5 2 4 3
4 2 1 3 5

4
Maria
Frank
Andrew
Cody
4 2 1 3
2 4 3 1
4 3 1 2
2 4 1 3
1 4 3 2
4 1 3 2
3 2 1 4
4 1 2 3
4 1 2 3
4 2 3 1
1 2 4 3
3 1 4 2
3 2 4 1
3 4 2 1
4 2 3 1
4 1 2 3
2 4 1 3
1 4 3 2
4 2 3 1
3 2 4 1
3 4 2 1
1 4 2 3
3 1 4 2
1 3 4 2
3 2 4 1
3 4 1 2
3 1 4 2
1 2 3 4
4 2 1 3
1 4 2 3
1 2 3 4
1 2 3 4
3 1 2 4
1 4 3 2
2 3 1 4
2 4 3 1
2 1 3 4
2 1 4 3
4 3 1 2
4 2 3 1
4 2 1 3
1 4 3 2
3 4 1 2
1 3 2 4
4 2 3 1
4 3 2 1
2 4 1 3
3 4 2 1
3 4 1 2
4 1 3 2
3 2 1 4
3 1 4 2
2 3 1 4
2 4 3 1
2 3 1 4
3 2 1 4
2 3 4 1
1 3 4 2
4 1 3 2
2 3 1 4
4 3 1 2
1 2 3 4
4 3 1 2
3 1 2 4
4 1 2 3
4 2 1 3
1 4 2 3
4 1 3 2
3 4 2 1
1 2 4 3
2 4 1 3
1 2 3 4
4 3 2 1
1 2 4 3
4 1 3 2
4 2 3 1
3 2 1 4
1 2 3 4
3 1 4 2
3 2 4 1