7

4
Red
Green
Blue
Orange
1 2 3 4
2 1 3 4
2 3 1 4
1 2 3 4
3 4 1 2
4 3 2 1

3
dave
bob
stan
1 2 3
1 2 3
1 2 3
1 2 3
2 1 3
2 1 3
2 1 3
3 1 2
3 1 2
3 1 2

4
steve string
carl char
ingred integer
susan struct
1 2 3 4
2 1 3 4
3 2 4 1
3 2 1 4
4 3 1 2
2 3 4 1
3 4 1 2
2 4 3 1
1 3 2 4
1 2 3 4
2 1 3 4
3 2 4 1
3 2 1 4
4 3 1 2
2 3 4 1
3 4 1 2
2 4 3 1
1 3 2 4
1 2 3 4
2 1 3 4
3 2 4 1
3 2 1 4
4 3 1 2
2 3 4 1
3 4 1 2
2 4 3 1
1 3 2 4
1 2 3 4
2 1 3 4
3 2 4 1
3 2 1 4
4 3 1 2
2 3 4 1
3 4 1 2
2 4 3 1
1 3 2 4
1 2 3 4
2 1 3 4
3 2 4 1
3 2 1 4
4 3 1 2
2 3 4 1
3 4 1 2
2 4 3 1
1 3 2 4
1 2 3 4
2 1 3 4
3 2 4 1
3 2 1 4
4 3 1 2
2 3 4 1
3 4 1 2
2 4 3 1
1 3 2 4
1 2 3 4
2 1 3 4
3 2 4 1
3 2 1 4
4 3 1 2
2 3 4 1
3 4 1 2
2 4 3 1
1 3 2 4
1 2 3 4
2 1 3 4
3 2 4 1
3 2 1 4
4 3 1 2
2 3 4 1
3 4 1 2
2 4 3 1
1 3 2 4
1 2 3 4
2 1 3 4
3 2 4 1
3 2 1 4
4 3 1 2
2 3 4 1
3 4 1 2
2 4 3 1
1 3 2 4
1 2 3 4
2 1 3 4
3 2 4 1
3 2 1 4
4 3 1 2
2 3 4 1
3 4 1 2
2 4 3 1
1 3 2 4

2
susan struct
charles class
2 1
1 2
2 1
2 1
1 2
2 1
1 2
2 1
2 1
1 2
2 1
1 2
2 1
2 1
1 2
2 1
1 2
2 1
2 1
1 2
2 1
1 2
2 1
2 1
1 2
2 1
1 2
2 1
2 1
1 2
2 1
1 2
2 1
2 1
1 2
2 1
1 2
2 1
2 1
1 2
2 1
1 2
2 1
2 1
1 2
2 1
1 2
2 1
2 1
1 2

20
A
B
C
D
E
F
G
H
I
J
K
L
M
N
O
P
Q
R
S
T
12 15 19 16 9 7 11 2 3 20 17 5 10 13 4 8 18 14 1 6
5 8 7 15 14 4 11 10 12 17 9 3 18 20 19 1 6 2 13 16
20 1 14 3 15 12 4 18 17 19 6 11 9 10 13 16 8 2 7 5
5 18 10 7 17 4 16 14 11 2 20 1 12 19 9 3 15 6 8 13
20 7 6 12 10 9 14 5 15 19 8 16 11 18 2 13 3 17 4 1
2 18 9 8 7 4 16 15 20 6 5 13 14 10 12 19 17 1 3 11
14 3 16 15 18 19 1 8 13 6 11 20 9 5 10 2 12 7 17 4
10 19 8 5 16 9 13 3 1 6 11 2 18 17 4 14 20 12 15 7
13 5 14 19 9 18 7 12 11 10 6 1 2 20 4 15 8 16 17 3
17 16 4 8 7 2 20 12 3 6 9 15 14 10 18 13 5 11 1 19
8 10 17 2 12 9 6 1 7 15 19 13 5 20 3 4 16 18 14 11
17 15 1 7 8 18 9 13 6 19 2 11 3 10 16 5 4 20 14 12
14 18 4 17 5 15 7 2 20 8 19 6 13 10 11 3 9 16 1 12
14 8 13 20 10 15 12 16 18 19 3 2 9 17 11 6 1 7 4 5
2 5 1 17 12 11 4 18 6 16 15 3 19 9 13 8 10 20 14 7
8 1 20 2 19 15 13 4 18 14 3 17 16 6 11 9 10 12 5 7
4 16 15 3 12 9 20 10 1 18 7 2 8 17 5 13 6 11 14 19
2 3 14 9 11 6 7 10 12 18 4 20 5 1 17 8 16 13 19 15
18 17 5 1 12 11 14 2 13 4 16 19 15 6 7 9 3 8 20 10
18 16 19 17 14 9 4 7 20 1 11 13 15 6 12 8 3 2 5 10
16 7 17 4 12 19 14 5 6 15 10 11 1 2 3 9 13 8 20 18
9 1 2 7 8 6 10 3 18 12 15 17 4 14 5 19 13 20 16 11
20 2 19 11 13 12 17 14 7 4 18 5 9 1 15 10 8 3 6 16
17 9 18 4 1 16 12 6 13 5 2 14 11 20 8 15 7 10 19 3
14 1 15 20 19 11 7 17 13 16 6 9 3 2 5 4 10 12 18 8
6 16 13 11 2 10 20 12 18 14 19 4 9 7 15 1 17 5 3 8
12 15 1 5 3 2 14 17 20 18 6 7 16 4 11 10 9 8 13 19
8 11 19 17 6 20 9 3 13 14 7 15 2 4 10 12 16 1 18 5
10 2 6 18 7 5 12 1 13 19 17 8 3 14 16 4 20 15 11 9
7 3 2 9 6 5 11 1 15 10 20 12 17 8 4 19 16 13 18 14
9 6 13 11 3 15 2 14 18 19 20 7 8 12 5 1 16 4 17 10
18 3 16 14 20 5 13 17 4 2 11 7 10 1 15 9 6 8 19 12
8 7 17 18 3 6 20 2 5 13 15 12 1 10 16 9 19 4 11 14
10 18 11 6 19 9 15 17 8 4 20 13 7 5 12 3 14 2 1 16
15 12 10 5 3 11 2 19 18 9 17 14 6 20 1 13 8 16 7 4
12 18 13 16 17 7 3 6 4 15 10 5 14 2 9 11 20 8 1 19
19 13 3 5 18 4 9 16 2 15 10 6 1 8 11 20 12 17 7 14
15 3 13 14 7 8 2 10 9 16 12 1 17 20 4 18 11 19 6 5
4 11 20 15 6 3 1 5 9 10 2 17 19 8 7 16 13 18 12 14
8 17 20 11 18 16 14 6 12 15 2 1 7 9 13 19 4 5 3 10

10
A
B
C
D
E
F
G
H
I
J
1 2 6 5 7 4 10 8 9 3
2 4 1 8 7 10 5 6 9 3
8 2 7 3 5 1 10 9 4 6
2 5 10 9 7 4 3 1 8 6
9 5 7 4 3 6 1 8 2 10
6 5 9 10 2 1 3 8 7 4
4 5 7 2 10 8 1 9 6 3
7 4 9 3 2 8 1 5 10 6
5 9 6 7 10 4 2 3 1 8
9 5 3 8 4 10 7 1 6 2
8 7 3 9 5 2 10 1 4 6
9 2 1 8 5 4 6 10 7 3
10 7 3 6 1 5 8 2 4 9
8 1 2 4 6 7 9 10 3 5
5 8 9 1 4 6 3 7 10 2
9 10 5 1 3 6 2 4 8 7
1 10 2 7 9 4 3 8 6 5
2 5 10 3 8 9 6 4 1 7
9 1 2 8 4 10 3 5 6 7
9 3 2 1 4 10 8 6 7 5
7 4 5 8 9 10 3 1 6 2
3 9 7 4 2 1 6 10 8 5
1 4 2 7 8 6 10 3 9 5
3 9 5 8 1 10 7 4 2 6
7 5 3 2 6 1 10 4 8 9
1 4 6 3 10 7 2 5 9 8
9 6 5 3 4 8 2 7 10 1
7 9 5 6 4 10 3 1 2 8
7 3 6 5 10 2 4 9 1 8
2 9 10 4 3 8 6 5 1 7
2 5 6 9 1 7 3 8 10 4
10 1 2 9 7 6 3 8 5 4
1 5 2 8 9 6 10 7 4 3
2 9 3 5 6 10 4 8 7 1
1 5 6 7 4 10 9 2 8 3
2 3 1 10 6 7 9 5 8 4
10 8 3 6 4 5 9 2 1 7
4 1 6 5 10 8 2 7 3 9
2 10 8 9 1 4 5 7 6 3
8 3 10 2 5 6 1 7 9 4
8 5 7 4 2 10 9 1 6 3
9 10 2 3 8 7 4 1 6 5
3 9 7 8 5 4 10 2 1 6
5 4 6 7 2 1 8 10 9 3
7 6 1 5 9 2 8 4 3 10

15
A
B
C
D
E
F
G
H
I
J
K
L
M
N
O
4 5 13 8 9 6 11 3 1 7 15 2 14 12 10
11 14 9 7 6 1 5 8 4 12 13 2 10 15 3
7 5 12 2 6 8 4 1 3 11 15 9 13 10 14
12 5 8 9 15 2 6 4 1 11 3 13 7 10 14
14 8 15 9 11 5 2 4 1 12 6 10 7 3 13
11 4 13 8 1 6 15 9 12 14 5 7 3 2 10
11 8 13 3 14 10 1 9 2 15 6 4 12 7 5
4 7 12 2 8 6 10 5 9 14 11 15 13 1 3
9 2 5 4 7 11 13 6 15 10 14 12 8 1 3
7 1 14 6 15 13 9 2 5 11 8 10 4 3 12
3 13 8 10 15 5 12 2 1 6 14 9 4 7 11
13 12 5 1 8 6 7 11 3 14 4 15 9 2 10
1 14 9 10 2 11 7 13 5 12 6 15 4 8 3
8 15 7 11 5 3 4 6 14 2 13 1 9 10 12
5 11 13 12 1 7 8 2 15 10 3 14 9 6 4
15 12 1 9 2 10 11 14 13 6 8 3 4 5 7
7 14 10 15 9 12 8 5 6 1 2 13 3 11 4
9 7 4 3 12 10 5 2 8 15 1 14 13 11 6
3 2 9 8 11 5 13 10 1 6 7 12 14 15 4
6 4 14 11 3 2 12 5 9 10 7 13 15 1 8
9 11 2 15 4 3 10 13 8 5 1 14 6 12 7
1 14 9 3 6 13 4 15 11 12 2 8 10 7 5
4 14 6 7 15 2 11 10 5 9 12 1 13 3 8
8 7 11 10 3 14 15 12 1 9 13 2 4 5 6
6 8 4 1 7 9 12 11 3 13 14 2 5 10 15
2 5 1 4 8 12 7 11 6 15 13 10 14 9 3
14 8 9 13 10 15 2 4 3 11 6 7 5 1 12
7 11 13 10 8 12 2 9 3 14 15 1 5 4 6
10 13 4 14 3 9 5 15 12 11 1 6 7 8 2
12 5 7 15 13 2 1 6 10 11 14 9 4 3 8
11 1 7 6 13 14 8 2 4 5 12 15 10 3 9
1 3 2 14 11 8 9 12 4 7 13 6 5 10 15
1 7 10 14 15 2 13 12 9 3 8 4 5 6 11
4 6 12 1 15 8 13 9 14 11 7 3 2 10 5
7 3 5 13 14 12 1 2 6 8 10 11 4 9 15
7 8 9 6 10 12 11 3 2 13 5 15 1 4 14
13 4 7 14 11 5 12 2 9 3 10 1 15 6 8
10 2 4 3 6 14 5 7 1 11 8 15 9 12 13
15 3 13 11 1 10 2 14 4 7 9 8 6 12 5
10 11 3 13 7 9 5 15 14 2 6 8 4 1 12
9 7 5 12 10 4 6 11 13 14 8 15 3 2 1
11 1 9 7 14 15 3 13 5 12 8 10 4 2 6
10 1 2 4 6 3 9 7 15 14 5 13 8 12 11
11 15 7 8 3 14 10 6 1 4 13 2 5 12 9
8 7 15 14 5 10 2 11 1 4 12 3 6 9 13