20

4
Hopeful Bear
Systematic Chipmunk
Pushy Ginger
Needy Shark
4 3 1 2 
1 4 3 2 
1 2 3 4 
3 4 1 2 
1 3 2 4 
3 1 2 4 
3 2 4 1 
4 3 1 2 
1 3 2 4 
4 2 1 3 
2 3 4 1 
4 1 3 2 
1 2 3 4 
2 4 1 3 
2 1 4 3 
1 3 2 4 
4 2 1 3 
3 1 2 4 
2 3 1 4 
1 3 4 2 
2 1 3 4 
2 4 1 3 
3 4 2 1 
1 4 2 3 
3 1 2 4 
2 1 4 3 
2 3 4 1 
1 4 3 2 
3 4 1 2 
2 3 4 1 
2 4 3 1 
1 2 3 4 
3 2 4 1 
1 4 2 3 
2 1 3 4 
2 1 3 4 
3 1 4 2 
1 4 3 2 
2 1 3 4 
1 3 2 4 
3 2 4 1 
4 1 3 2 
3 4 2 1 
1 2 3 4 
3 4 2 1 
1 3 2 4 
2 1 4 3 
2 1 4 3 
4 3 2 1 
1 4 2 3 

4
Helpful Dinosaur
Colorful Ginger
Furry Shrew
Burgeois Hedgehog
3 4 2 1 
2 3 1 4 
3 1 4 2 
3 2 4 1 
4 3 1 2 
2 3 1 4 
3 2 1 4 
4 1 2 3 
1 4 2 3 
2 3 1 4 
4 3 2 1 
3 1 4 2 
3 4 2 1 
4 2 1 3 
3 2 4 1 
2 4 3 1 
4 1 2 3 
4 3 1 2 
1 4 2 3 
2 1 3 4 
4 2 3 1 
1 3 2 4 
4 3 2 1 
1 4 3 2 
1 3 4 2 
4 3 1 2 
2 4 3 1 
2 4 1 3 
2 1 4 3 
4 2 1 3 
3 2 1 4 
3 4 2 1 
3 2 4 1 
2 4 3 1 
2 4 3 1 
1 2 3 4 
2 3 1 4 
4 1 2 3 
1 2 3 4 
4 1 2 3 
4 3 1 2 
2 3 4 1 
1 4 2 3 
1 2 4 3 
2 4 1 3 
4 3 1 2 
3 1 2 4 
3 4 1 2 
1 2 3 4 
2 3 4 1 

4
Fake Lion
Organic Shrew
Sophisticated Bear
Daunting Snake
4 2 3 1 
2 1 3 4 
4 2 3 1 
3 1 4 2 
1 2 4 3 
4 1 3 2 
2 1 3 4 
1 4 2 3 
4 1 2 3 
1 4 3 2 
1 4 3 2 
1 2 3 4 
3 2 1 4 
2 1 4 3 
3 4 1 2 
1 2 3 4 
1 2 4 3 
2 4 1 3 
4 1 3 2 
3 4 1 2 
3 4 1 2 
4 2 3 1 
2 4 3 1 
2 4 3 1 
4 2 1 3 
1 4 2 3 
1 3 4 2 
3 1 4 2 
2 1 4 3 
4 3 2 1 
2 4 1 3 
3 2 1 4 
2 4 1 3 
2 4 1 3 
1 4 2 3 
3 1 4 2 
2 1 4 3 
4 1 3 2 
2 1 4 3 
4 2 3 1 
3 1 4 2 
4 2 3 1 
2 4 1 3 
2 1 4 3 
4 2 3 1 
4 2 3 1 
1 2 3 4 
3 2 1 4 
1 3 2 4 
4 2 3 1 

4
Burgeois Pegasus
Vicious Kitten
Prowling Squirrel
Typical Worm
4 3 1 2 
4 2 3 1 
2 4 3 1 
1 2 4 3 
1 2 3 4 
4 2 3 1 
1 2 3 4 
3 1 4 2 
2 3 4 1 
3 4 1 2 
1 3 2 4 
3 1 4 2 
3 1 2 4 
1 2 4 3 
2 3 1 4 
1 2 3 4 
2 3 4 1 
4 1 3 2 
1 2 3 4 
1 3 4 2 
3 4 1 2 
4 2 1 3 
3 2 1 4 
2 3 4 1 
2 3 1 4 
3 1 2 4 
2 4 3 1 
2 3 1 4 
2 1 4 3 
2 4 3 1 
4 1 3 2 
1 2 4 3 
1 4 2 3 
4 1 3 2 
4 1 3 2 
1 4 2 3 
4 3 1 2 
2 4 3 1 
1 2 3 4 
1 4 2 3 
4 2 3 1 
4 2 1 3 
3 4 1 2 
2 4 3 1 
3 2 1 4 
1 3 4 2 
4 1 3 2 
1 3 2 4 
1 3 4 2 
4 1 2 3 

4
Obstinate Seagull
Wiggly Cottontail
Daring Robot
Advanced Reza
1 4 3 2 
2 3 4 1 
2 3 1 4 
3 4 2 1 
4 2 1 3 
3 1 4 2 
4 1 2 3 
1 4 3 2 
1 2 4 3 
4 1 2 3 
2 1 4 3 
3 1 2 4 
4 3 2 1 
2 3 4 1 
1 3 2 4 
1 4 3 2 
3 1 2 4 
1 4 3 2 
3 1 2 4 
3 1 4 2 
2 4 1 3 
3 1 2 4 
2 1 4 3 
2 4 1 3 
3 2 1 4 
2 3 1 4 
4 3 1 2 
4 2 3 1 
3 2 1 4 
4 2 3 1 
1 4 3 2 
3 1 4 2 
2 3 4 1 
1 2 3 4 
3 4 2 1 
2 1 4 3 
1 4 2 3 
4 2 3 1 
3 1 2 4 
1 3 4 2 
2 3 1 4 
1 4 3 2 
2 4 3 1 
4 1 2 3 
4 3 1 2 
3 2 4 1 
2 4 1 3 
4 3 2 1 
1 3 4 2 
3 1 2 4 

4
Organic Downing
Clever Downing
Staunch Robot
Honest Chipmunk
3 1 2 4 
1 4 2 3 
1 3 4 2 
4 3 2 1 
3 4 2 1 
1 4 2 3 
3 1 4 2 
3 1 4 2 
2 4 3 1 
1 2 4 3 
4 2 3 1 
2 1 3 4 
3 4 1 2 
4 1 2 3 
3 1 4 2 
3 4 2 1 
3 1 4 2 
3 2 1 4 
3 2 1 4 
4 2 1 3 
2 4 3 1 
2 4 1 3 
2 3 1 4 
2 1 3 4 
4 2 1 3 
4 2 3 1 
4 1 2 3 
3 1 4 2 
3 2 1 4 
1 3 4 2 
3 2 1 4 
1 4 3 2 
3 2 4 1 
1 4 2 3 
4 2 1 3 
1 2 4 3 
1 4 2 3 
1 3 2 4 
1 3 2 4 
3 2 4 1 
3 1 2 4 
1 4 2 3 
1 3 2 4 
2 1 4 3 
2 1 4 3 
3 4 2 1 
1 2 3 4 
3 1 4 2 
3 4 2 1 
1 4 2 3 

4
Fake Spaghetti
Sticky Sardine
Flat Tumbleweed
Awesome Snake
2 4 1 3 
2 1 4 3 
4 1 2 3 
1 4 2 3 
2 1 4 3 
4 2 3 1 
1 3 2 4 
3 2 4 1 
2 3 1 4 
1 2 3 4 
3 4 2 1 
1 2 4 3 
2 3 1 4 
3 1 2 4 
3 2 1 4 
4 3 1 2 
3 1 2 4 
3 1 2 4 
1 3 2 4 
3 4 1 2 
1 2 4 3 
1 4 2 3 
2 3 1 4 
2 4 1 3 
4 3 2 1 
2 1 4 3 
3 4 1 2 
1 2 4 3 
1 2 3 4 
2 3 1 4 
1 3 2 4 
1 2 3 4 
1 2 3 4 
2 1 4 3 
1 3 4 2 
2 4 3 1 
1 4 3 2 
3 1 4 2 
4 2 1 3 
4 1 3 2 
3 4 2 1 
3 1 2 4 
3 4 2 1 
4 2 1 3 
4 1 2 3 
1 4 2 3 
1 3 2 4 
1 4 2 3 
4 2 3 1 
2 1 3 4 

4
Vicious Pegasus
Dim Pikachu
Estoteric Pelican
Empathetic Spaghetti
3 1 2 4 
2 1 4 3 
1 4 2 3 
3 1 2 4 
3 1 4 2 
3 1 4 2 
4 2 3 1 
1 3 2 4 
2 4 3 1 
4 1 3 2 
3 2 1 4 
2 3 1 4 
4 2 3 1 
2 1 4 3 
2 1 3 4 
4 3 2 1 
1 3 2 4 
4 3 2 1 
1 4 2 3 
1 4 2 3 
2 1 4 3 
1 2 3 4 
2 1 3 4 
3 2 4 1 
3 2 1 4 
2 4 1 3 
1 4 3 2 
1 3 2 4 
4 2 3 1 
2 1 3 4 
2 3 4 1 
4 2 3 1 
4 3 1 2 
1 2 3 4 
2 1 4 3 
4 1 2 3 
3 1 4 2 
3 4 1 2 
4 3 1 2 
2 1 3 4 
4 2 3 1 
4 1 2 3 
2 3 4 1 
4 2 1 3 
1 3 2 4 
1 2 4 3 
3 2 4 1 
3 1 2 4 
1 4 3 2 
2 1 3 4 

4
Needy Sardine
Quick Horse
Weird Lark
Fabulous Lion
4 2 1 3 
4 1 2 3 
1 3 4 2 
2 3 1 4 
4 2 3 1 
4 1 3 2 
2 1 4 3 
3 1 2 4 
2 4 3 1 
1 2 3 4 
1 3 4 2 
2 4 3 1 
2 4 3 1 
2 4 3 1 
4 1 2 3 
4 3 2 1 
3 4 2 1 
2 3 4 1 
4 2 1 3 
3 4 2 1 
2 4 1 3 
4 3 2 1 
1 2 3 4 
4 3 2 1 
1 2 3 4 
2 4 1 3 
3 4 2 1 
3 1 2 4 
1 4 3 2 
1 3 2 4 
1 2 4 3 
3 2 4 1 
1 4 2 3 
2 3 4 1 
4 2 1 3 
1 4 2 3 
2 4 3 1 
2 1 3 4 
3 4 2 1 
2 3 1 4 
1 3 2 4 
2 4 3 1 
3 2 1 4 
3 4 2 1 
2 3 4 1 
1 4 2 3 
3 2 1 4 
1 3 2 4 
4 3 1 2 
2 1 3 4 

4
Honest Dragon
Prowling Shark
Daunting Poe
Awesome Lark
3 4 1 2 
1 3 2 4 
3 1 4 2 
3 4 1 2 
4 1 3 2 
2 4 1 3 
2 4 1 3 
1 3 4 2 
2 1 3 4 
3 4 1 2 
3 1 2 4 
4 1 2 3 
2 1 3 4 
2 3 4 1 
4 2 3 1 
1 4 3 2 
3 4 2 1 
2 3 1 4 
3 2 4 1 
3 1 2 4 
2 1 3 4 
2 3 4 1 
3 4 2 1 
1 3 2 4 
2 1 3 4 
4 2 3 1 
1 3 4 2 
3 4 2 1 
1 3 4 2 
2 4 3 1 
3 2 1 4 
1 4 3 2 
2 1 4 3 
3 2 1 4 
1 3 2 4 
2 1 4 3 
3 1 2 4 
2 1 4 3 
4 1 3 2 
4 2 1 3 
1 3 4 2 
4 2 1 3 
2 1 3 4 
2 4 3 1 
3 1 4 2 
1 3 2 4 
4 1 2 3 
4 2 1 3 
2 3 4 1 
1 4 2 3 

4
Envious Unicorn
Daunting Wyvern
Brave Scottsman
Quizzical Ginger
2 1 3 4 
3 2 4 1 
4 3 2 1 
3 1 2 4 
3 4 1 2 
3 1 4 2 
3 4 2 1 
4 2 3 1 
4 2 3 1 
4 3 2 1 
3 2 4 1 
2 3 4 1 
2 1 4 3 
4 2 3 1 
1 4 3 2 
4 2 3 1 
1 4 3 2 
4 3 1 2 
4 3 2 1 
3 2 4 1 
1 3 4 2 
2 4 3 1 
3 4 1 2 
3 4 2 1 
4 3 1 2 
3 4 2 1 
4 3 1 2 
2 4 3 1 
3 1 2 4 
3 1 2 4 
4 2 1 3 
4 2 1 3 
2 1 4 3 
3 2 1 4 
2 3 4 1 
3 1 4 2 
1 3 2 4 
2 4 1 3 
2 3 4 1 
1 3 2 4 
3 1 2 4 
3 4 1 2 
1 4 2 3 
2 4 1 3 
3 4 2 1 
2 4 1 3 
3 1 2 4 
4 3 2 1 
2 4 3 1 
4 1 2 3 

4
Lustful Wyvern
Glutonous Nightengale
Sinful Pangolin
Curvy Wolf
4 1 2 3 
4 2 3 1 
3 4 1 2 
4 3 1 2 
1 3 4 2 
4 1 3 2 
4 3 2 1 
1 2 3 4 
2 4 3 1 
4 3 2 1 
3 4 1 2 
4 2 3 1 
4 1 3 2 
2 1 3 4 
1 3 2 4 
3 1 4 2 
4 2 3 1 
2 4 3 1 
4 2 1 3 
2 1 3 4 
2 4 3 1 
1 3 2 4 
1 3 2 4 
3 2 1 4 
3 1 2 4 
4 2 3 1 
2 1 3 4 
3 2 4 1 
2 1 4 3 
1 2 3 4 
4 2 1 3 
3 4 1 2 
1 3 4 2 
3 1 4 2 
1 4 3 2 
2 3 1 4 
1 3 4 2 
1 4 3 2 
1 4 2 3 
1 3 2 4 
2 3 1 4 
1 3 2 4 
4 2 1 3 
1 3 2 4 
3 1 4 2 
4 2 3 1 
1 4 3 2 
1 4 2 3 
2 3 1 4 
3 4 1 2 

4
Old Chimpanzee
Underwhelming Lion
Evolved Hyena
Furry Dinosaur
3 2 1 4 
3 4 2 1 
2 3 1 4 
3 4 1 2 
4 1 3 2 
1 2 3 4 
3 2 4 1 
2 4 1 3 
2 4 3 1 
1 3 4 2 
3 4 1 2 
3 1 2 4 
3 1 2 4 
1 3 4 2 
2 1 4 3 
2 3 4 1 
1 3 2 4 
3 1 4 2 
4 1 2 3 
4 1 2 3 
2 1 4 3 
1 3 2 4 
3 1 4 2 
3 4 2 1 
1 3 4 2 
4 3 1 2 
1 2 4 3 
4 1 3 2 
2 3 1 4 
4 3 2 1 
2 1 3 4 
4 1 3 2 
2 4 3 1 
2 3 1 4 
3 1 2 4 
3 1 4 2 
3 2 4 1 
4 2 3 1 
3 2 4 1 
2 3 4 1 
2 4 3 1 
3 2 4 1 
4 2 3 1 
2 1 4 3 
4 2 1 3 
3 1 2 4 
4 3 2 1 
2 3 4 1 
4 3 1 2 
2 4 1 3 

4
Fabulous Shrew
Quick Dinosaur
Sticky Pangolin
Quick Finch
3 4 1 2 
4 2 1 3 
4 3 1 2 
2 3 4 1 
2 4 3 1 
4 2 1 3 
2 3 1 4 
2 4 1 3 
1 4 2 3 
1 3 4 2 
4 1 2 3 
3 1 2 4 
3 2 4 1 
3 1 4 2 
1 4 2 3 
3 1 4 2 
2 3 1 4 
1 4 3 2 
1 4 2 3 
1 2 4 3 
4 1 2 3 
2 4 1 3 
2 1 4 3 
2 3 4 1 
3 4 2 1 
2 3 4 1 
1 4 3 2 
1 4 3 2 
3 4 1 2 
1 3 2 4 
3 1 4 2 
3 4 2 1 
3 4 1 2 
3 1 4 2 
2 4 3 1 
2 3 1 4 
3 1 4 2 
1 2 3 4 
4 2 1 3 
3 4 2 1 
2 1 4 3 
3 1 2 4 
2 3 1 4 
1 2 4 3 
1 2 4 3 
3 2 1 4 
3 2 1 4 
3 1 2 4 
3 4 1 2 
1 3 4 2 

4
Hopeful Chipmunk
Immature Chimpanzee
Zippy Hedgehog
Young Termite
3 2 4 1 
1 3 2 4 
3 2 4 1 
1 4 3 2 
1 3 4 2 
4 2 1 3 
4 1 3 2 
3 1 4 2 
2 4 3 1 
3 4 2 1 
4 1 3 2 
1 2 3 4 
4 3 2 1 
3 2 1 4 
1 2 3 4 
1 3 4 2 
3 1 4 2 
4 1 2 3 
2 1 3 4 
1 4 2 3 
3 2 4 1 
3 4 2 1 
4 1 3 2 
4 3 2 1 
2 4 3 1 
2 4 1 3 
4 1 3 2 
4 1 2 3 
1 2 4 3 
1 2 4 3 
1 3 4 2 
4 3 1 2 
2 3 1 4 
3 4 1 2 
1 3 2 4 
2 1 3 4 
2 3 1 4 
1 3 4 2 
4 3 2 1 
2 4 1 3 
1 3 2 4 
1 4 2 3 
1 2 3 4 
1 2 3 4 
3 4 2 1 
4 1 2 3 
2 4 1 3 
1 3 4 2 
1 3 2 4 
3 2 1 4 

4
Furry Scottsman
Outrageous Spaghetti
Coherent Chipmunk
Quizzical Monkey
1 2 4 3 
4 1 3 2 
1 3 4 2 
4 3 1 2 
4 3 2 1 
2 4 1 3 
1 2 4 3 
2 4 1 3 
4 1 2 3 
1 2 3 4 
3 4 1 2 
4 3 1 2 
3 2 4 1 
3 4 2 1 
4 2 3 1 
1 2 3 4 
1 4 3 2 
2 1 3 4 
3 4 1 2 
1 4 3 2 
4 2 3 1 
3 1 2 4 
3 2 4 1 
4 2 1 3 
1 4 2 3 
4 2 3 1 
2 3 1 4 
3 2 4 1 
1 4 2 3 
3 1 4 2 
1 4 2 3 
1 3 2 4 
1 4 3 2 
2 1 4 3 
3 1 4 2 
2 1 4 3 
3 1 4 2 
4 2 1 3 
3 1 2 4 
4 2 1 3 
1 3 2 4 
4 3 2 1 
4 1 3 2 
1 2 4 3 
2 3 1 4 
3 4 1 2 
1 2 4 3 
1 3 2 4 
3 1 4 2 
1 2 3 4 

4
Awesome Seagull
Immature Unicorn
Protective Alien
Flat Pelican
1 4 2 3 
1 4 3 2 
4 1 2 3 
3 1 4 2 
4 1 2 3 
1 4 3 2 
2 1 3 4 
4 1 2 3 
3 1 2 4 
3 2 1 4 
1 3 4 2 
2 1 3 4 
3 1 2 4 
4 1 2 3 
4 1 3 2 
1 2 3 4 
4 2 1 3 
3 1 2 4 
2 4 1 3 
3 1 4 2 
1 3 4 2 
4 1 2 3 
1 4 3 2 
1 3 4 2 
1 4 2 3 
4 1 3 2 
3 4 2 1 
2 4 1 3 
2 3 1 4 
2 3 4 1 
2 4 3 1 
1 3 2 4 
3 2 4 1 
3 1 2 4 
4 1 2 3 
4 2 3 1 
2 3 4 1 
3 4 2 1 
2 1 3 4 
3 4 1 2 
1 2 3 4 
3 1 2 4 
2 1 4 3 
3 2 4 1 
1 4 2 3 
4 2 1 3 
4 3 1 2 
4 1 3 2 
3 2 1 4 
3 1 2 4 

4
Boisterous Pigeon
Advanced Eagle
Helpful Oryx
Quizzical Reza
4 1 2 3 
1 2 3 4 
2 3 4 1 
4 1 3 2 
3 2 4 1 
1 3 4 2 
4 2 3 1 
1 2 4 3 
3 4 2 1 
3 1 4 2 
2 4 3 1 
4 1 3 2 
1 4 3 2 
3 1 2 4 
1 3 2 4 
4 1 3 2 
2 1 4 3 
4 1 2 3 
4 2 3 1 
4 1 2 3 
2 3 4 1 
4 3 2 1 
1 2 3 4 
2 3 1 4 
2 4 3 1 
1 3 4 2 
1 4 2 3 
1 3 2 4 
2 4 1 3 
1 2 4 3 
4 3 1 2 
2 3 4 1 
1 3 4 2 
1 2 4 3 
3 1 4 2 
2 4 3 1 
3 1 2 4 
3 1 2 4 
2 1 4 3 
4 2 1 3 
4 2 3 1 
3 2 4 1 
1 4 3 2 
4 2 3 1 
4 2 3 1 
4 2 1 3 
1 4 3 2 
2 3 1 4 
4 3 2 1 
4 2 3 1 

4
Raging Tiger
Quick Mockingbird
Quixotic Cat
Obstinate Frog
3 1 4 2 
1 4 2 3 
3 2 4 1 
4 1 2 3 
3 4 2 1 
4 2 1 3 
2 4 1 3 
1 2 3 4 
2 3 1 4 
3 1 2 4 
1 4 3 2 
4 2 3 1 
2 3 1 4 
1 4 2 3 
2 1 4 3 
2 3 4 1 
1 3 4 2 
1 4 2 3 
2 3 4 1 
2 3 4 1 
1 4 2 3 
2 4 1 3 
4 3 1 2 
1 2 3 4 
4 2 1 3 
1 3 4 2 
3 4 2 1 
3 2 1 4 
2 1 3 4 
4 3 1 2 
1 4 3 2 
3 2 4 1 
1 4 2 3 
1 2 4 3 
2 1 3 4 
1 2 4 3 
4 1 3 2 
2 4 1 3 
1 4 2 3 
4 3 1 2 
1 4 3 2 
1 3 4 2 
3 4 2 1 
2 3 4 1 
4 3 1 2 
2 1 4 3 
4 1 3 2 
1 2 3 4 
3 4 1 2 
4 1 3 2 

4
Outrageous Sardine
Awesome Ginger
Honest Poe
Needy Frog
1 2 3 4 
1 2 3 4 
3 4 2 1 
3 2 1 4 
4 2 1 3 
3 4 1 2 
4 3 1 2 
3 2 4 1 
1 3 4 2 
1 3 4 2 
3 4 1 2 
1 2 4 3 
1 4 3 2 
3 1 4 2 
4 1 3 2 
1 2 4 3 
3 2 1 4 
4 3 1 2 
1 4 3 2 
3 4 1 2 
1 4 3 2 
4 2 3 1 
1 4 2 3 
1 4 3 2 
4 3 2 1 
2 3 4 1 
3 1 4 2 
1 2 3 4 
2 1 4 3 
1 3 4 2 
1 3 2 4 
2 3 1 4 
4 1 3 2 
4 2 3 1 
4 3 2 1 
1 4 2 3 
1 3 2 4 
1 3 2 4 
2 1 4 3 
3 1 2 4 
4 3 2 1 
1 3 2 4 
2 3 4 1 
3 2 4 1 
3 2 4 1 
4 2 3 1 
2 4 1 3 
3 1 4 2 
3 4 2 1 
2 3 1 4 

