4

3
John Doe
Jane Smith
Sirhan Sirhan
1 2 3
2 1 3
2 3 1
1 2 3
3 1 2

4
Red
Green
Blue
Orange
1 2 3 4
2 1 3 4
2 3 1 4
1 2 3 4
3 4 1 2
4 3 2 1

3
Abraham Lincoln
Adolf Hitler
George Washinton
2 3 1
1 2 3
2 3 1
1 3 2
3 2 1
2 1 3
3 2 1
1 3 2
2 1 3
2 3 1
1 2 3
2 1 3
1 2 3
3 2 1
1 3 2
3 2 1
3 2 1
2 1 3
2 1 3
3 1 2
2 1 3
3 1 2
1 3 2
1 2 3
2 1 3
1 3 2
1 2 3
1 3 2
2 1 3
3 1 2
2 3 1
1 3 2
1 3 2
2 3 1
3 1 2
1 3 2
1 3 2
1 2 3
3 1 2
1 3 2
2 3 1
3 1 2
2 1 3
1 2 3
3 1 2
3 1 2
1 2 3
3 2 1
3 2 1
2 1 3
2 3 1
3 1 2
2 3 1
1 3 2
2 3 1
3 1 2
2 1 3
1 3 2
2 1 3
3 1 2
1 2 3
3 2 1
1 2 3
1 3 2
1 3 2
1 2 3
3 1 2
3 2 1
2 3 1
3 2 1
1 2 3
1 3 2
3 2 1
1 3 2
3 2 1
2 3 1
1 2 3
3 2 1
3 1 2
2 1 3
1 3 2
1 3 2
1 3 2
3 2 1
3 1 2
2 1 3
1 2 3
3 2 1
3 2 1
1 2 3
3 1 2
2 1 3
1 3 2
2 3 1
2 1 3
1 2 3
1 3 2
3 1 2
1 3 2
2 3 1
3 2 1
1 3 2
2 3 1
1 2 3
3 2 1
2 3 1
2 1 3
3 2 1
1 2 3
2 1 3
2 1 3
1 2 3
1 2 3
2 3 1
2 1 3
1 3 2
2 1 3
1 3 2
2 1 3
3 2 1
2 1 3
1 3 2
1 3 2
3 1 2
1 2 3
1 2 3
1 3 2
2 1 3
3 1 2
2 1 3
1 2 3
1 3 2
3 1 2
3 2 1
3 1 2
3 1 2
2 3 1
3 1 2
1 2 3
3 2 1
2 3 1
1 2 3
2 1 3
1 2 3
2 1 3
3 2 1
3 2 1
3 1 2
1 2 3
1 3 2
2 3 1
2 3 1
2 1 3
3 2 1
3 1 2
1 3 2
2 3 1
1 2 3
2 1 3
1 3 2
1 2 3
2 1 3
3 2 1
2 1 3
1 3 2
2 1 3
2 3 1
3 2 1
2 1 3
3 1 2
1 3 2
2 3 1
2 3 1
3 1 2
3 2 1
2 3 1
2 1 3
1 3 2
2 1 3
3 2 1
3 2 1
2 3 1
3 2 1
1 2 3
1 3 2
3 2 1
2 1 3
2 3 1
1 2 3
1 2 3
2 3 1
1 3 2
2 3 1
1 3 2
1 3 2
3 1 2
2 3 1
3 2 1
3 2 1
1 2 3
2 3 1
3 2 1
1 2 3
3 2 1
3 1 2
3 1 2
3 2 1
3 2 1
2 1 3
3 2 1
1 3 2
3 2 1
2 3 1
3 2 1
2 3 1
1 2 3
1 2 3
1 3 2
1 3 2
2 3 1
2 1 3
1 2 3
1 3 2
3 2 1
3 1 2
1 3 2
2 3 1
1 3 2
1 3 2
2 1 3
2 1 3
1 2 3
2 3 1
2 3 1
3 1 2
1 2 3
1 3 2
1 2 3
3 1 2
2 1 3
3 2 1
3 2 1
2 3 1
1 2 3
2 3 1
1 3 2
2 3 1
1 3 2
3 2 1
2 3 1
3 2 1
2 3 1
1 2 3
2 3 1
2 1 3
1 3 2
1 3 2
2 3 1
1 2 3
2 1 3
1 2 3
3 2 1
2 1 3
3 1 2
1 3 2
3 2 1
3 2 1
1 3 2
3 2 1
2 1 3
1 2 3
2 1 3
1 2 3
1 3 2
2 1 3
2 1 3
2 1 3
1 3 2
3 2 1
1 3 2
3 1 2
3 2 1
3 1 2
1 2 3
1 2 3
3 1 2
2 3 1
1 2 3
3 1 2
2 3 1
2 1 3
2 1 3
1 3 2
3 1 2
3 2 1
1 3 2
3 1 2
1 2 3
3 2 1
2 1 3
2 3 1
2 3 1
2 3 1
3 2 1
2 3 1
2 1 3
2 3 1
2 3 1
2 3 1
2 3 1
2 1 3
2 1 3
3 1 2
3 2 1
3 2 1
3 1 2
3 1 2
2 1 3
2 3 1
2 3 1
2 3 1
3 2 1
3 2 1
1 3 2
3 1 2
3 1 2
2 1 3
3 1 2
3 1 2
3 1 2
1 2 3
3 1 2
2 3 1
1 3 2
1 3 2
3 1 2
2 1 3
1 2 3
1 2 3
2 1 3
3 1 2
1 3 2
1 2 3
1 3 2
1 2 3
2 1 3
1 3 2
2 1 3
3 1 2
1 2 3
3 2 1
3 1 2
2 3 1
3 2 1
1 3 2
2 1 3
1 2 3
3 2 1
1 2 3
1 2 3
3 2 1
3 1 2
3 2 1
2 3 1
2 1 3
1 3 2
3 1 2
1 2 3
1 3 2
2 1 3
1 3 2
2 1 3
2 3 1
3 2 1
2 1 3
2 3 1
1 3 2
1 2 3
1 2 3
1 3 2
1 2 3
2 1 3
2 3 1
3 2 1
3 2 1
2 3 1
2 1 3
2 3 1
3 1 2
2 1 3
2 3 1
3 2 1
1 2 3
3 2 1
3 2 1
1 3 2
1 2 3
2 1 3
2 1 3
3 1 2
1 3 2
1 3 2
3 2 1
1 3 2
2 1 3
3 1 2
1 2 3
1 2 3
3 2 1
1 2 3
3 1 2
1 3 2
2 3 1
3 1 2
3 2 1
3 2 1
1 3 2
2 1 3
1 2 3
1 3 2
2 3 1
1 3 2
1 3 2
1 2 3
1 2 3
1 2 3
1 2 3
1 2 3
1 3 2
2 1 3
1 2 3
2 3 1
2 1 3
3 2 1
1 3 2
1 2 3
1 3 2
3 2 1
1 3 2
1 2 3
2 3 1
3 1 2
1 2 3
1 2 3
3 1 2
2 1 3
1 3 2
3 2 1
2 1 3
3 1 2
2 3 1
1 3 2
2 3 1
1 3 2
3 1 2
3 1 2
3 2 1
3 1 2
3 1 2
3 2 1
1 3 2
2 1 3
1 2 3
1 3 2
3 1 2
1 3 2
3 2 1
2 1 3
3 1 2
2 3 1
1 2 3
3 2 1
3 1 2
2 1 3
2 1 3
3 1 2
3 2 1
1 2 3
2 3 1
1 3 2
1 3 2
2 3 1
3 2 1
2 1 3
2 1 3
2 3 1
2 3 1
1 2 3
3 2 1
2 3 1
1 3 2
1 2 3
1 2 3
1 3 2
1 3 2
2 1 3
3 2 1
2 3 1
2 3 1
3 2 1
1 3 2
3 2 1
3 1 2
2 1 3
1 2 3
3 1 2
1 2 3
3 1 2
1 3 2
1 3 2
2 1 3
1 3 2
1 2 3
2 3 1
1 3 2
2 1 3
2 3 1
2 1 3
3 1 2
1 2 3
1 2 3
2 1 3
3 1 2
2 3 1
2 1 3
1 2 3
2 3 1
3 2 1
1 2 3
1 3 2
1 3 2
2 3 1
3 1 2
3 1 2
3 2 1
2 3 1
1 3 2
2 1 3
2 3 1
1 3 2
3 1 2
2 3 1
2 3 1
3 1 2
2 3 1
2 1 3
1 3 2
2 3 1
1 3 2
1 2 3
1 3 2
1 3 2
3 1 2
3 1 2
1 2 3
2 1 3
1 3 2
1 2 3
1 3 2
1 3 2
3 2 1
1 2 3
3 1 2
1 2 3
1 2 3
1 3 2
2 3 1
1 2 3
1 3 2
3 2 1
1 3 2
1 3 2
3 2 1
1 3 2
2 3 1
1 3 2
1 3 2
1 2 3
3 2 1
2 3 1
2 3 1
2 1 3
1 2 3
3 1 2
3 2 1
1 3 2
2 3 1
3 2 1
1 2 3
3 2 1
2 3 1
1 2 3
2 3 1
2 1 3
2 3 1
1 2 3
1 2 3
3 2 1
3 1 2
1 2 3
3 2 1
2 3 1
3 1 2
2 3 1
2 3 1
1 3 2
3 1 2
1 3 2
3 1 2
3 1 2
1 2 3
3 2 1
1 3 2
1 2 3
3 2 1
3 2 1
1 2 3
2 1 3
3 1 2
2 3 1
1 2 3
3 2 1
2 1 3
3 1 2
1 3 2
3 1 2
2 3 1
2 1 3
3 1 2
1 2 3
3 2 1
1 3 2
2 1 3
2 3 1
1 3 2
3 2 1
3 2 1
2 1 3
2 1 3
3 2 1
2 3 1
1 3 2
3 1 2
3 1 2
2 1 3
2 1 3
1 2 3
3 1 2
3 2 1
2 3 1
2 3 1
3 2 1
1 3 2
2 1 3
3 2 1
2 3 1
1 3 2
3 2 1
3 1 2
2 3 1
2 3 1
2 1 3
1 2 3
1 3 2
3 2 1
3 2 1
2 3 1
3 1 2
1 2 3
1 2 3
3 1 2
2 3 1
2 3 1
2 1 3
3 1 2
3 1 2
1 3 2
3 2 1
2 1 3
1 3 2
1 3 2
3 2 1
2 1 3
3 1 2
2 3 1
2 1 3
1 2 3
1 3 2
3 1 2
1 2 3
3 1 2
1 2 3
1 3 2
3 2 1
3 2 1
3 1 2
3 2 1
3 2 1
1 3 2
2 1 3
1 3 2
2 1 3
3 2 1
3 1 2
1 3 2
2 3 1
1 3 2
1 3 2
2 3 1
2 1 3
2 3 1
2 3 1
2 3 1
3 2 1
1 3 2
3 2 1
3 2 1
1 3 2
1 2 3
1 3 2
2 3 1
1 2 3
3 2 1
3 2 1
2 1 3
1 2 3
3 2 1
2 1 3
1 3 2
1 3 2
3 1 2
2 1 3
2 3 1
3 1 2
2 1 3
3 1 2
3 2 1
1 3 2
1 2 3
3 1 2
1 3 2
3 1 2
2 3 1
3 2 1
1 2 3
3 1 2
3 1 2
1 2 3
3 2 1
3 1 2
1 2 3
3 2 1
1 2 3
3 1 2
3 1 2
3 1 2
3 1 2
2 3 1
2 3 1
1 2 3
2 1 3
3 2 1
3 1 2
3 1 2
1 3 2
3 1 2
1 3 2
3 2 1
2 3 1
2 1 3
3 1 2
2 3 1
3 1 2
2 1 3
3 2 1
2 1 3
1 3 2
2 3 1
2 1 3
3 2 1
3 2 1
3 1 2
1 3 2
3 1 2
1 3 2
2 1 3
1 2 3
3 1 2
2 1 3
1 2 3
2 3 1
3 1 2
2 3 1
3 2 1
2 1 3
2 3 1
2 1 3
3 1 2
2 1 3
2 1 3
2 3 1
3 1 2
1 3 2
2 3 1
1 3 2
2 3 1
2 3 1
1 2 3
3 2 1
1 2 3
1 2 3
3 2 1
3 1 2
3 2 1
1 2 3
1 2 3
1 3 2
1 3 2
2 1 3
2 1 3
3 1 2
1 3 2
3 2 1
3 1 2
2 3 1
1 2 3
1 2 3
3 2 1
1 2 3
3 1 2
1 2 3
2 1 3
1 3 2
3 1 2
2 3 1
2 1 3
2 1 3
1 2 3
2 3 1
1 3 2
1 3 2
3 2 1
1 2 3
2 1 3
3 1 2
1 2 3
2 1 3
1 3 2
1 3 2
2 3 1
1 3 2
2 3 1
2 1 3
1 2 3
3 2 1
2 1 3
3 1 2
2 3 1
1 2 3
1 2 3
1 2 3
3 2 1
3 2 1
1 3 2
3 2 1
3 2 1
2 3 1
1 2 3
1 3 2
3 1 2
3 2 1
2 3 1
3 1 2
3 1 2
1 2 3
1 3 2
2 1 3
2 3 1
1 3 2
2 1 3
2 1 3
1 2 3
3 2 1
1 3 2
3 2 1
1 3 2
1 3 2
1 3 2
1 3 2
3 2 1
2 1 3
1 2 3
2 1 3
1 3 2
3 2 1
3 1 2
1 2 3
1 3 2
1 2 3
3 1 2
1 3 2
2 3 1
2 1 3
2 3 1
3 1 2
2 1 3
3 1 2
3 1 2
2 3 1
3 1 2
3 2 1
1 2 3
3 2 1
3 1 2
1 2 3
2 3 1
3 2 1
2 3 1
3 1 2
1 3 2
1 2 3
2 1 3
1 2 3
3 1 2
3 1 2
3 2 1
3 1 2
1 3 2
3 2 1
1 2 3
2 1 3
3 2 1
2 1 3
3 1 2
3 1 2
2 3 1
1 3 2
1 3 2
2 1 3
3 1 2
2 3 1
2 1 3
3 2 1
2 1 3
3 1 2
3 1 2
1 2 3
3 2 1
3 2 1
3 2 1
3 1 2
2 3 1
3 2 1
3 2 1
1 2 3
1 3 2
1 2 3
1 2 3
2 1 3

3
Kevin Jacoby
Kevin Jacob
Kevin Jaco
1 2 3
1 2 3
2 3 1
2 3 1
3 1 2
3 1 2

