11

3
John Doe
Jane Smith
Sirhan Sirhan
1 2 3
2 1 3
2 3 1
1 2 3
3 1 2

4
Red
Green
Blue
Orange
1 2 3 4
2 1 3 4
4 2 3 1
1 4 2 3
4 3 1 2

4
Red
Green
Blue
Orange
1 2 3 4
2 1 3 4
2 3 1 4
1 2 3 4
3 4 1 2
4 3 2 1

4
Mature Downing
Problematic Hawk
Vicious Oryx
Mature Pikachu
2 4 3 1 
3 1 2 4 
2 3 4 1 
4 1 3 2 
3 1 4 2 
3 2 4 1 
2 3 1 4 
3 1 2 4 
3 1 4 2 
4 1 3 2

2
Blue
Orange
1 2
2 1

16
Needy Downton
Bold Nightengale
Colorful Mockingbird
Nonsensical Shrew
Quick Cow
Envious Nightengale
Massive Shrew
Problematic Pikachu
Sizable Bear
Problematic Chicken
Needy Nightengale
Curvy Orangutan
Problematic Bear
Loyal Mite
Evolved Birds
Systematic Mite
15 7 4 13 9 2 3 16 6 8 5 10 11 14 12 1 
10 14 11 6 3 7 5 16 13 8 1 12 15 9 2 4 
8 4 5 10 1 2 16 12 6 9 11 14 15 7 3 13 
13 1 8 4 11 15 6 7 2 12 3 10 9 14 16 5 
14 3 9 5 10 6 4 1 11 13 15 8 16 12 2 7 
13 5 12 11 10 6 2 9 15 8 4 14 16 3 1 7 
12 16 11 9 10 2 15 5 3 8 4 13 6 14 7 1 
14 1 13 4 3 6 7 12 9 16 10 5 2 11 15 8 
11 15 13 12 9 10 3 6 2 8 7 14 16 4 5 1 
16 10 14 3 2 8 11 7 6 1 5 12 15 13 4 9

3
Bob Dole
Al Gore
Ron Paul
4 2 1 3
2 3 1 4
3 2 1 1
1 3 2 4

16
A
B
C
D
E
F
G
H
I
J
K
L
M
N
O
P
5 4 11 1 14 6 2 12 9 16 3 13 15 10 8 7
11 7 1 16 8 10 2 9 14 15 12 5 4 3 13 6
16 6 3 5 1 15 10 14 13 11 2 4 8 12 9 7
14 12 1 6 7 5 16 4 13 10 8 9 2 15 11 3
2 3 10 15 4 13 11 16 9 12 14 5 8 7 6 1
7 11 10 5 8 6 15 14 4 13 2 3 9 16 1 12

6
Jumor
Sudech
Fiang
Loeria
Ontia
Roth'hiny
5 2 3 6 1 4
5 4 2 1 6 3
5 2 6 4 3 1
2 1 6 3 4 5
6 4 2 1 3 5
4 1 5 2 3 6
3 5 2 6 1 4
3 5 6 1 4 2
4 2 5 1 3 6
4 5 6 3 2 1
3 6 4 2 1 5
3 6 1 5 2 4
3 5 1 6 4 2
6 5 3 1 2 4
5 1 2 4 6 3
4 2 1 3 5 6
1 5 2 3 6 4
2 5 4 6 3 1
4 6 3 1 2 5
3 2 5 4 6 1
2 3 5 4 1 6
6 3 2 4 1 5
4 3 2 1 6 5
3 1 5 6 2 4
4 3 6 1 2 5
5 4 6 1 3 2
2 3 6 1 5 4
6 2 5 4 1 3
6 1 2 5 4 3
5 4 3 6 1 2
4 6 3 5 1 2
1 3 5 4 6 2
4 5 6 3 1 2
1 4 3 6 5 2
2 1 4 6 5 3
4 6 1 3 5 2
1 4 6 2 3 5
2 5 3 6 1 4
4 6 1 3 5 2
5 4 3 6 1 2
3 2 1 6 5 4
4 2 3 1 6 5
1 6 2 4 5 3
4 5 2 3 1 6
3 6 5 1 4 2
6 4 2 5 1 3
1 4 5 6 2 3
5 4 2 6 3 1
5 2 4 6 1 3
6 1 5 3 4 2
2 3 6 4 1 5
2 6 5 4 3 1
5 4 6 3 2 1
3 2 4 6 1 5
3 2 5 4 1 6
2 6 3 5 4 1
5 6 3 2 1 4
2 5 1 4 3 6
4 6 5 1 2 3
4 5 6 2 1 3
6 4 1 3 5 2
3 1 4 2 6 5
1 4 2 6 5 3
6 2 5 4 3 1
3 1 5 2 4 6
4 1 5 6 2 3
1 3 6 5 2 4
4 3 2 6 5 1
2 6 3 5 4 1
4 5 6 1 2 3
5 2 3 4 6 1
6 4 3 2 1 5
6 2 3 4 1 5
1 2 3 5 6 4
1 5 2 6 3 4
4 6 1 3 5 2
3 5 6 2 1 4
1 4 2 6 3 5
1 4 5 2 6 3
6 1 4 2 3 5
3 2 4 6 5 1
6 5 2 4 3 1
5 4 3 1 6 2
5 1 6 3 2 4
6 1 3 2 5 4
1 5 3 2 4 6
1 6 4 2 3 5
1 6 2 3 5 4
6 2 5 1 3 4
4 3 1 6 5 2
1 6 2 5 3 4
3 5 6 2 1 4
3 2 1 4 6 5
5 4 1 6 2 3
2 3 4 5 1 6
2 5 4 1 3 6
5 2 6 1 4 3
5 2 1 3 4 6
3 6 4 5 1 2
5 6 4 3 2 1
3 1 4 6 2 5
3 6 2 1 5 4
6 3 5 1 2 4
1 2 3 4 5 6
6 2 4 1 5 3
2 6 1 4 3 5
2 4 3 5 6 1
4 6 1 2 3 5
1 3 2 4 5 6
5 6 3 1 4 2
2 5 1 3 4 6
4 6 3 2 5 1
1 6 4 5 2 3
5 1 4 2 6 3
5 6 3 4 1 2
4 3 2 1 6 5
5 1 2 3 4 6
6 2 1 4 5 3
3 1 4 5 2 6
2 5 6 4 1 3
1 5 6 4 2 3
3 4 5 1 6 2
1 4 5 3 6 2
2 3 1 5 6 4
5 6 3 2 4 1
4 3 1 5 2 6
3 1 4 6 2 5
2 6 5 1 3 4
3 5 2 1 4 6
6 1 5 2 4 3
3 1 2 4 5 6
5 1 3 6 4 2
6 1 2 4 5 3
6 5 4 2 3 1
4 2 3 6 1 5
4 1 2 6 3 5
1 2 3 5 4 6
5 1 4 3 2 6
3 4 6 5 1 2
3 5 6 2 4 1
4 5 2 1 3 6
5 4 1 6 2 3
1 3 4 6 2 5
1 4 6 2 5 3
3 4 6 2 1 5
4 1 3 5 2 6
5 6 2 4 3 1
6 5 3 4 2 1
1 3 2 6 4 5
5 4 6 1 3 2
3 1 4 5 6 2
5 3 6 2 4 1
3 6 1 2 5 4
2 6 5 4 1 3
2 4 6 5 3 1
6 3 2 4 1 5
5 4 1 3 2 6
1 3 5 4 6 2
4 3 5 1 6 2
5 3 2 1 6 4
2 5 1 3 4 6
6 3 2 4 1 5
2 6 4 5 1 3
5 3 2 4 6 1
6 2 4 1 3 5
6 2 4 3 5 1
3 1 2 5 6 4
6 4 5 3 2 1
6 5 2 3 4 1
3 2 5 4 6 1
4 2 3 6 1 5
6 2 4 5 1 3
5 2 3 1 4 6
5 3 1 4 6 2
2 3 1 5 6 4
2 1 4 3 6 5
4 1 2 3 6 5
1 3 4 6 5 2
3 1 5 4 6 2
3 6 4 5 1 2
4 2 3 1 6 5
3 2 1 4 6 5
5 4 2 1 3 6
1 5 2 4 6 3
3 5 2 1 4 6
6 1 2 5 4 3
3 2 6 5 4 1
4 3 6 1 5 2
3 6 5 1 2 4
4 6 1 2 3 5
4 2 6 1 3 5
6 3 2 5 4 1
5 1 4 3 6 2
4 3 1 2 6 5
5 4 2 1 6 3
5 1 2 6 4 3
5 3 2 6 4 1
4 2 5 6 3 1
4 2 5 3 6 1
4 1 6 2 5 3
1 5 4 2 3 6
6 1 2 4 3 5
4 5 1 6 3 2
3 6 2 4 1 5
2 5 3 1 4 6
6 5 2 1 3 4
1 3 2 5 4 6
6 2 1 4 3 5
4 6 2 3 1 5
6 5 3 1 2 4
1 4 3 6 5 2
4 2 1 3 5 6
3 4 2 1 5 6
3 4 2 5 1 6
3 4 6 2 5 1
4 1 3 6 5 2
4 2 3 6 5 1
1 6 2 3 5 4
5 2 1 4 3 6
1 6 5 3 2 4
5 4 3 1 2 6
1 4 5 2 3 6
3 5 6 4 1 2
6 2 5 1 3 4
6 5 2 4 1 3
1 2 3 4 5 6
1 4 5 6 2 3
5 2 6 1 4 3
4 1 3 6 2 5
3 2 1 6 5 4
4 5 1 2 6 3
4 3 6 2 5 1
2 5 6 3 1 4
1 2 4 6 3 5
6 2 5 1 3 4
2 4 5 6 1 3
1 2 5 4 3 6
4 2 6 3 5 1
2 5 6 1 4 3
5 2 4 1 6 3
3 6 1 2 5 4
4 6 3 5 1 2
6 3 4 1 5 2
4 2 3 1 6 5
5 1 2 3 4 6
1 6 2 4 5 3
3 4 5 2 1 6
5 3 1 6 4 2
5 6 1 4 2 3
2 1 3 5 6 4
6 3 4 5 1 2
5 1 2 4 6 3
5 1 4 6 3 2
2 3 4 5 1 6
1 4 3 6 2 5
2 6 5 1 4 3
4 3 2 1 5 6
1 4 2 3 6 5
1 5 4 3 2 6
5 4 3 1 6 2
4 1 2 6 5 3
3 1 2 6 5 4
2 3 1 6 4 5
5 2 1 6 4 3
1 2 5 4 6 3
6 3 1 4 2 5
6 5 3 4 1 2
6 5 4 3 1 2
5 3 4 6 2 1
6 1 3 4 2 5
6 3 2 1 4 5
6 5 4 2 3 1
6 1 2 3 5 4
3 6 5 2 1 4
6 5 1 2 4 3
4 2 1 3 5 6
6 2 1 4 5 3
1 4 5 3 6 2
2 5 1 6 4 3
1 3 2 5 6 4
1 4 3 6 2 5
5 4 2 1 6 3
3 4 6 1 2 5
4 2 6 3 5 1
5 2 1 4 6 3
5 3 2 6 4 1
3 1 2 6 5 4
2 6 3 1 5 4
1 5 2 3 4 6
4 2 6 3 5 1
2 4 6 3 1 5
3 4 5 6 1 2
6 1 2 5 3 4
4 6 5 3 1 2
4 5 1 6 2 3
6 3 1 4 5 2
4 2 3 6 5 1
1 2 4 6 3 5
4 5 3 2 1 6
2 4 3 1 5 6
2 1 4 5 3 6
2 1 6 4 3 5
5 3 6 4 1 2
5 4 3 2 6 1
6 2 5 1 4 3
2 4 3 5 6 1
5 2 1 4 6 3
3 2 1 4 5 6
5 1 4 6 2 3
5 1 4 3 2 6
3 5 6 4 2 1
5 6 3 1 4 2
3 2 4 1 5 6
6 5 3 2 1 4
6 1 3 2 5 4
3 2 4 6 1 5
1 4 3 5 2 6
5 1 4 6 3 2
6 3 1 2 4 5
5 6 3 2 4 1
5 6 2 4 1 3
3 5 2 1 6 4
6 1 5 3 4 2
4 1 6 5 3 2
2 4 3 5 1 6
2 4 1 3 6 5
4 3 6 2 1 5
3 5 6 4 1 2
3 1 6 4 5 2
1 2 3 5 4 6
6 1 4 5 3 2
6 1 3 2 4 5
1 4 6 5 2 3
4 2 5 3 6 1
1 2 4 6 5 3
4 5 1 6 3 2
6 4 1 5 3 2
6 5 2 3 1 4
1 2 3 5 4 6
5 3 6 4 1 2
1 5 2 6 4 3

7
Rodald
Jumor
Nep
Rod'tas
Tufor
Nenah
Nep
3 1 7 2 5 6 4
4 5 6 3 1 7 2
4 7 1 3 2 5 6
1 6 4 2 7 5 3
5 7 4 2 6 1 3
5 3 7 1 4 6 2
1 6 5 2 7 3 4
2 4 3 1 6 5 7
4 6 5 3 2 7 1
6 1 7 3 5 2 4
6 2 5 7 3 1 4
7 5 6 3 4 2 1
7 4 2 3 6 5 1
1 5 7 2 6 3 4
6 3 4 1 5 7 2
4 3 5 1 7 6 2
7 2 5 6 4 1 3
6 7 2 5 3 4 1
5 6 2 1 7 4 3
4 7 5 2 3 6 1
2 1 3 6 5 7 4
2 7 3 1 6 5 4
5 7 3 6 1 4 2
3 1 7 6 4 5 2
3 5 2 7 4 1 6
6 2 1 5 4 7 3
5 4 7 2 6 3 1
7 1 2 6 3 4 5
1 6 2 4 3 5 7
3 1 2 4 6 7 5
1 4 5 2 6 3 7
6 2 4 1 5 7 3
2 5 3 1 4 7 6
3 7 1 6 4 2 5
2 5 3 7 1 6 4
3 2 4 7 1 5 6
2 4 5 6 1 3 7
3 2 4 7 6 5 1
1 6 7 3 2 4 5
6 4 2 7 5 1 3
4 5 7 2 3 1 6
2 7 1 6 5 4 3
6 3 5 7 1 4 2
7 1 3 6 4 2 5
4 7 2 3 5 1 6
6 2 3 1 4 5 7
1 6 7 4 3 2 5
6 7 3 4 1 2 5
1 7 4 2 6 5 3
3 5 1 6 4 7 2
2 6 5 1 4 3 7
6 4 5 3 7 2 1
2 5 7 1 4 6 3
6 3 7 4 1 5 2
1 5 2 6 3 7 4
5 6 2 1 7 4 3
6 1 2 4 7 3 5
7 5 4 1 3 6 2
4 6 1 7 3 5 2
3 4 6 5 2 7 1
7 6 5 1 2 4 3
7 1 6 3 5 4 2
6 4 2 7 5 1 3
6 1 5 3 2 4 7
1 2 5 3 7 4 6
3 6 5 2 1 7 4
2 4 3 7 5 6 1
4 3 1 7 2 5 6
6 7 5 1 3 2 4
6 4 3 1 2 7 5
4 3 7 6 1 5 2
6 5 1 2 3 4 7
4 5 3 1 6 2 7
5 6 3 2 7 1 4
1 2 5 7 4 3 6
4 5 1 7 2 3 6
4 1 6 3 2 7 5
4 2 1 5 7 3 6
3 6 1 2 4 7 5
1 6 2 3 5 4 7
4 1 5 7 6 3 2
1 4 5 7 6 3 2
3 1 2 7 5 4 6
5 7 1 4 6 2 3
1 4 3 6 7 2 5
7 4 5 3 1 6 2
1 7 2 6 3 5 4
5 7 2 6 3 1 4
7 2 4 1 3 5 6
4 7 1 5 2 3 6
6 1 3 5 2 4 7
1 6 2 4 7 3 5
1 4 3 6 2 5 7
7 5 2 3 1 6 4
7 6 2 3 5 1 4
6 1 5 3 4 2 7
1 6 7 2 4 3 5
3 7 6 1 2 4 5
4 3 7 6 1 5 2
7 6 4 1 2 3 5
5 2 1 3 4 6 7
6 2 7 3 5 4 1
6 1 4 3 5 7 2
5 6 1 2 7 4 3
3 4 1 5 2 7 6
3 6 7 2 5 1 4
5 4 6 1 3 2 7
2 5 4 3 6 1 7
1 7 2 5 6 3 4
3 6 1 4 5 7 2
1 5 7 6 4 3 2
3 1 7 6 4 2 5
6 2 3 5 7 1 4
3 6 5 1 7 2 4
6 3 5 7 2 4 1
1 7 5 4 2 3 6
7 5 3 2 4 1 6
4 6 2 7 3 5 1
6 1 4 3 7 2 5
3 2 4 7 1 6 5
1 6 3 7 5 4 2
7 3 4 5 2 6 1
7 3 1 6 2 5 4
6 3 7 4 1 5 2
3 6 2 5 4 1 7
1 5 3 7 4 6 2
5 6 3 4 1 2 7
4 7 1 2 3 6 5
1 5 6 3 4 7 2
7 2 5 3 1 4 6
6 4 5 3 7 2 1
3 4 5 6 1 7 2
6 2 3 7 4 5 1
6 7 5 2 4 1 3
2 7 1 6 4 3 5
7 4 3 5 6 2 1
3 5 2 1 6 4 7
1 5 7 4 3 2 6
6 7 4 5 3 1 2
6 5 4 1 7 3 2
2 4 5 3 1 7 6
7 1 2 4 5 3 6
5 2 7 1 3 6 4
6 2 5 3 4 1 7
2 7 6 1 3 5 4
5 3 4 7 1 6 2
5 4 1 2 3 6 7
4 1 3 6 5 7 2
1 6 7 4 2 5 3
3 5 1 7 4 6 2
1 6 2 5 3 4 7
1 4 3 6 5 2 7
6 5 4 3 1 7 2
4 1 7 6 3 2 5
5 2 4 3 7 6 1
2 1 3 4 6 7 5
2 7 1 5 3 6 4
6 3 4 5 2 1 7
7 6 3 2 1 4 5
1 2 5 3 4 7 6
5 2 4 6 7 1 3
7 2 3 6 4 5 1
7 4 6 5 3 1 2
1 3 4 7 6 5 2
5 1 4 2 3 6 7
4 2 6 5 3 1 7
4 6 7 5 3 2 1
3 4 6 1 5 2 7
1 4 3 6 2 7 5
4 7 2 5 3 1 6
4 2 6 5 1 3 7
5 7 4 1 2 3 6
2 3 5 1 4 7 6
4 7 1 3 5 2 6
1 4 5 3 7 6 2
6 7 4 2 3 1 5
2 4 7 6 3 5 1
6 2 4 5 3 1 7
2 3 4 7 5 6 1
6 7 4 5 1 3 2
5 6 3 4 2 7 1
1 4 3 7 2 6 5
7 2 5 1 4 3 6
4 5 6 2 1 3 7
1 7 2 6 5 4 3
2 5 3 4 6 1 7
4 5 3 6 7 1 2
7 6 3 1 4 2 5
4 6 1 7 3 5 2
2 3 5 7 6 4 1
5 7 1 2 4 3 6
1 5 3 7 4 6 2
4 6 2 5 7 3 1
7 6 3 1 4 5 2
6 1 7 4 5 3 2
5 3 2 6 1 7 4
2 4 5 6 3 1 7
6 7 3 5 2 1 4
1 5 3 4 7 2 6
1 6 7 3 5 2 4
2 7 3 5 4 1 6
2 1 5 3 6 7 4
2 5 6 7 1 3 4
6 2 3 4 5 7 1
2 6 7 4 3 1 5
7 2 3 5 1 6 4
1 6 7 2 3 4 5
6 5 4 3 2 1 7
3 4 7 5 6 1 2
7 2 1 5 4 6 3
7 6 4 3 2 1 5
4 6 2 1 5 7 3
4 7 1 5 2 3 6
4 7 3 6 2 1 5
5 4 7 6 1 2 3
2 1 4 6 7 3 5
1 5 3 7 2 4 6
4 7 3 6 1 2 5
2 5 3 7 1 6 4
1 3 2 7 5 4 6
7 5 6 4 1 3 2
7 6 5 1 2 3 4
2 6 3 5 4 1 7
6 1 2 4 7 5 3
5 4 2 6 3 1 7
4 2 5 7 1 3 6
1 7 6 3 2 4 5
5 3 1 4 6 7 2
7 6 3 1 5 2 4
4 7 6 2 1 5 3
7 6 2 3 4 5 1
1 2 3 7 4 5 6
6 3 7 2 5 1 4
4 6 7 5 2 1 3
2 1 3 7 5 6 4
1 6 5 3 4 7 2
3 6 7 4 2 5 1
3 5 6 1 2 4 7
5 2 4 7 3 6 1
3 1 2 7 6 5 4
5 3 2 4 1 7 6
6 5 1 4 3 2 7
2 6 3 1 4 7 5
7 5 6 2 1 3 4
7 6 4 2 5 1 3
4 7 3 6 5 1 2
2 3 1 4 7 5 6
5 4 2 3 6 7 1
6 1 4 2 3 5 7
1 6 7 5 2 4 3
7 2 4 3 5 6 1
3 2 6 7 4 5 1
2 1 5 3 6 4 7
5 2 7 3 4 1 6
3 5 7 6 2 1 4
3 5 6 4 1 7 2
4 7 6 1 3 5 2
5 7 3 6 1 4 2
6 7 4 2 3 5 1
3 7 4 5 6 2 1
5 3 2 1 6 7 4
7 1 3 2 4 6 5
4 7 6 1 5 2 3
7 3 5 1 4 6 2
4 3 2 5 6 7 1
3 4 2 5 6 7 1
3 5 1 2 6 7 4
1 4 3 2 7 6 5
4 1 5 3 6 7 2
3 5 1 2 7 6 4
7 5 3 6 2 4 1
6 4 2 1 7 5 3
3 7 4 2 6 5 1
5 6 3 7 1 2 4
2 4 3 1 7 5 6
3 1 4 5 7 6 2
6 3 2 4 7 5 1
7 1 6 2 3 4 5
6 7 5 4 2 3 1
7 5 6 1 2 4 3
4 7 5 6 2 1 3
6 2 3 5 1 7 4
2 7 4 1 3 6 5
2 6 7 1 4 3 5
2 4 1 3 7 5 6
1 4 7 6 2 3 5
7 6 1 3 2 4 5
5 1 3 4 2 6 7
3 5 1 4 6 7 2
6 5 2 1 7 3 4
1 3 4 5 7 2 6
6 7 5 4 2 1 3
1 2 6 5 4 3 7
7 3 1 2 6 5 4
1 3 7 2 4 6 5
5 4 7 3 2 6 1
5 4 7 6 3 1 2
1 6 2 4 5 7 3
5 6 4 7 2 1 3
7 6 1 5 2 3 4
5 1 7 2 3 4 6
1 7 3 2 5 6 4
1 4 7 5 6 3 2
3 4 5 2 1 7 6
2 3 6 5 7 4 1
4 1 7 5 6 3 2
5 3 7 1 2 6 4
2 5 7 1 3 6 4
4 6 1 2 5 3 7
6 7 3 2 5 1 4
3 2 6 1 4 5 7
5 4 1 7 3 6 2
1 3 5 2 7 6 4
6 3 4 2 1 5 7
3 2 5 7 6 4 1
7 3 1 2 5 6 4
3 2 7 4 6 5 1
2 6 4 5 3 1 7
1 6 4 2 5 7 3
3 2 1 6 5 4 7
5 2 6 7 1 4 3
2 4 5 3 1 6 7
7 5 1 3 4 2 6
6 3 4 7 1 5 2
1 4 3 5 6 7 2
5 4 7 2 6 3 1
3 5 6 1 7 2 4
6 4 2 7 1 5 3
5 1 4 6 7 3 2
5 1 4 7 3 2 6
4 2 3 5 1 6 7
5 3 1 2 4 6 7
4 7 3 1 6 2 5
1 7 4 5 3 2 6
4 5 2 1 3 7 6
3 2 5 4 7 6 1
3 2 1 4 6 7 5
5 4 2 1 7 3 6
7 2 1 6 5 3 4
4 5 3 6 1 7 2
6 7 2 1 5 4 3
5 1 2 7 6 3 4
4 1 7 5 6 2 3
7 3 1 6 4 2 5
7 3 1 2 6 4 5
3 5 4 1 7 2 6
1 7 4 2 3 6 5
2 5 7 6 4 1 3
1 5 6 7 3 4 2
6 1 3 5 2 4 7
1 2 3 7 4 6 5
6 7 1 3 4 2 5
2 5 1 6 7 3 4
7 5 4 1 2 3 6
1 3 4 5 6 7 2
3 1 5 6 4 2 7
4 3 5 6 1 7 2
5 7 2 3 4 1 6
3 5 7 4 6 1 2
1 3 2 7 6 5 4
4 2 1 6 7 3 5
7 6 3 4 5 2 1
3 1 4 2 5 6 7
5 4 7 2 3 1 6
3 1 5 7 4 6 2
2 3 7 6 5 4 1
7 2 6 5 4 3 1
3 2 6 7 4 5 1
5 1 3 6 4 7 2
2 6 3 7 4 5 1
7 6 2 4 1 3 5
1 3 4 7 6 5 2
5 6 1 4 2 7 3
7 4 6 3 5 2 1
2 4 6 5 3 1 7
3 4 6 7 1 2 5
5 7 1 4 3 2 6
3 2 6 1 5 7 4
2 7 5 1 3 6 4
4 1 3 7 2 5 6
2 7 3 6 1 5 4
2 1 5 7 4 3 6
1 6 7 5 4 3 2
7 1 6 5 2 4 3
2 3 1 4 6 5 7
5 3 1 7 4 6 2
4 7 3 2 1 5 6
6 5 3 4 7 2 1
4 3 6 5 7 2 1
3 2 7 5 6 4 1
2 1 4 7 5 6 3
4 3 7 5 6 1 2
4 1 5 3 6 2 7
4 3 6 1 5 7 2
5 3 7 4 2 1 6
4 6 5 3 7 2 1
6 4 2 3 7 5 1
5 1 3 6 2 4 7
6 7 1 5 2 4 3
7 4 2 6 3 1 5
1 4 6 3 5 7 2
3 2 6 5 4 1 7
3 1 6 5 4 7 2
3 5 4 7 6 1 2
6 1 7 2 4 3 5
2 4 5 1 6 7 3
3 5 6 2 4 7 1
2 3 6 1 4 5 7
6 4 7 1 5 2 3
2 5 6 3 4 7 1
4 1 6 7 3 2 5
2 4 6 7 1 5 3
1 2 7 5 3 4 6
4 1 5 7 3 6 2
7 3 1 2 5 4 6
3 7 5 2 1 6 4
6 3 5 4 1 2 7
6 7 4 1 5 2 3
5 2 7 3 6 1 4
1 7 5 3 6 2 4
6 2 4 1 3 7 5
7 6 3 2 1 4 5
3 4 6 5 1 2 7
2 1 5 7 6 3 4
7 5 3 2 1 4 6
1 6 4 7 5 3 2
7 6 3 5 4 2 1
2 1 7 6 4 3 5
7 6 5 3 2 1 4
1 4 5 6 2 7 3
7 5 6 2 4 1 3
7 6 1 4 5 3 2
6 7 4 1 5 3 2
6 5 2 3 1 7 4
1 6 5 4 3 2 7
1 2 7 6 4 3 5
7 5 1 3 4 2 6
5 2 4 3 7 1 6
7 5 3 6 2 1 4
5 2 7 6 3 4 1
3 6 5 2 7 4 1
1 5 6 4 3 2 7
6 1 2 5 4 7 3
1 4 5 7 6 3 2
4 1 7 3 2 5 6
7 5 6 2 3 4 1
4 2 6 7 1 5 3
2 7 4 3 1 5 6
6 1 7 3 5 2 4
5 2 6 4 7 3 1
3 7 6 4 1 2 5
2 7 1 5 6 3 4
2 3 5 1 6 7 4
5 3 2 1 4 6 7
1 3 6 5 7 2 4
6 3 5 4 1 7 2
2 4 5 3 7 1 6
4 3 7 2 5 6 1
4 2 5 7 3 1 6
4 2 5 6 3 1 7
5 2 1 4 7 6 3
2 7 6 4 3 5 1
3 1 6 4 2 5 7
5 4 1 2 6 7 3
6 2 4 5 3 1 7
6 4 2 3 1 5 7
2 4 1 5 3 6 7
3 5 2 7 6 1 4
5 6 2 1 3 4 7
4 5 1 3 2 6 7
3 6 5 7 4 2 1
7 1 5 4 2 3 6
7 6 3 1 2 4 5
6 1 2 5 3 7 4
2 5 3 7 4 1 6
3 4 7 1 2 5 6
4 6 3 7 5 1 2
4 1 2 6 5 3 7
1 5 4 2 7 6 3
3 5 6 4 7 1 2
6 2 4 5 7 3 1
2 7 6 4 5 1 3
6 3 1 4 7 2 5
2 3 4 1 6 5 7
7 6 1 3 5 4 2
1 4 7 2 5 6 3
5 4 2 3 1 6 7
7 6 5 3 4 2 1
2 5 1 7 4 6 3
1 4 7 5 3 6 2
2 4 1 7 3 6 5
4 1 7 5 3 6 2
2 5 6 4 1 7 3
6 5 1 3 2 7 4
4 6 3 7 2 1 5
1 7 4 3 5 6 2
3 6 1 7 4 2 5
5 6 1 7 2 3 4
4 3 5 1 6 2 7
6 7 2 3 1 4 5
6 1 2 4 3 7 5
6 5 3 7 4 2 1
2 6 4 3 5 7 1
3 4 5 2 6 7 1
3 5 7 4 2 1 6
5 7 1 2 4 3 6
7 1 6 4 5 2 3
7 4 5 1 3 2 6
5 2 7 1 4 3 6
1 3 2 4 6 5 7
2 1 6 5 3 7 4
2 7 6 4 1 5 3
4 3 6 7 5 2 1
5 1 4 6 3 7 2
6 3 4 5 1 2 7
2 7 4 3 6 5 1
6 4 7 3 1 2 5
3 1 7 5 6 2 4
1 5 3 2 4 7 6
6 1 2 3 7 4 5
1 2 6 4 3 5 7
6 1 7 5 2 4 3
1 7 4 3 2 5 6
4 1 5 6 7 3 2
3 2 1 4 5 7 6
1 3 6 5 2 4 7
4 7 6 2 1 3 5
1 4 3 6 7 2 5
1 5 2 3 7 6 4
3 7 6 1 2 5 4
1 2 5 3 4 6 7
6 1 2 5 7 3 4
5 4 1 2 3 6 7
6 1 3 4 2 5 7
6 5 7 2 4 3 1
5 7 2 6 1 3 4
1 3 6 5 2 7 4
4 3 7 1 6 2 5
5 2 1 6 4 7 3
4 7 2 5 6 3 1
3 6 1 4 5 2 7
5 4 6 2 1 7 3
3 6 2 4 5 7 1
3 1 2 4 5 6 7
7 2 4 3 1 5 6
1 6 3 4 7 5 2
2 4 6 7 1 3 5
3 6 1 7 5 4 2
2 5 6 1 4 3 7
2 6 1 3 7 5 4
7 5 2 1 4 3 6
3 5 4 1 7 2 6
7 3 6 4 1 2 5
7 1 6 4 3 5 2
4 2 6 1 3 5 7
7 2 1 6 4 5 3
1 2 3 7 4 6 5
1 2 3 4 7 6 5
5 7 6 3 1 2 4
3 2 5 1 4 6 7
1 7 5 4 2 6 3
1 4 7 6 3 2 5
5 3 6 1 4 2 7
4 2 5 7 3 1 6
2 3 4 7 1 6 5
7 1 6 3 2 4 5
2 6 5 7 3 4 1
1 7 3 4 5 6 2
4 5 3 1 7 6 2
1 7 5 3 4 2 6
3 7 6 1 4 5 2
5 3 7 1 2 6 4
3 2 6 5 1 4 7
4 6 7 5 3 2 1
1 2 3 5 7 4 6
4 6 3 5 1 7 2
2 5 4 1 7 3 6
3 2 7 4 5 1 6
1 2 7 5 6 4 3
1 3 7 5 6 2 4
7 3 6 5 1 2 4
1 3 5 6 7 2 4
5 1 7 2 6 3 4
4 5 2 3 1 7 6
6 2 4 3 1 7 5
7 1 4 5 3 6 2
6 4 1 5 3 7 2
7 5 2 1 4 6 3
6 1 5 7 3 2 4
6 2 5 1 4 7 3
6 5 3 7 1 2 4
3 2 1 5 6 4 7
1 7 3 6 2 4 5
2 4 3 6 1 5 7
2 3 4 7 5 1 6
4 1 5 2 6 7 3
6 3 5 4 7 2 1
5 6 3 7 2 4 1
5 1 2 7 3 6 4
3 5 7 1 4 6 2
3 4 1 2 6 5 7
1 5 2 7 6 3 4
4 6 1 3 5 7 2
4 2 3 6 5 1 7
4 3 5 2 1 7 6
5 7 4 1 3 6 2
2 6 3 5 7 1 4
4 5 1 2 7 6 3
7 6 1 4 5 3 2
1 4 6 7 5 3 2
5 4 3 1 6 2 7
4 6 5 7 2 3 1
4 7 1 6 2 5 3
2 3 1 5 6 7 4
1 4 7 6 3 2 5
2 6 7 1 3 4 5
6 3 7 2 1 5 4
2 6 1 3 5 7 4
5 1 6 2 3 4 7
2 3 7 1 5 4 6
3 6 7 1 4 2 5
2 5 1 7 4 6 3
3 6 2 5 7 4 1
3 2 5 4 6 1 7
3 4 1 6 2 7 5
1 5 4 6 2 3 7
6 3 7 2 5 1 4
1 2 7 6 5 3 4
6 3 5 2 4 1 7
3 6 7 2 1 5 4
1 2 4 5 3 6 7
5 7 4 1 3 6 2
2 3 7 1 6 4 5
7 3 4 5 1 2 6
2 5 7 3 6 4 1
2 1 3 4 6 7 5
4 6 2 3 5 7 1
4 7 2 3 1 5 6
1 2 4 3 6 5 7
2 6 7 3 5 1 4
2 3 7 4 6 1 5
1 7 5 2 6 4 3
3 7 1 5 4 6 2
1 3 4 6 5 7 2
6 5 3 1 4 7 2
3 2 1 6 5 4 7
4 7 2 3 6 1 5
1 7 6 3 5 2 4
6 7 3 4 2 5 1
4 3 6 7 1 5 2
5 1 2 7 4 3 6
7 5 1 2 3 6 4
1 7 5 6 4 3 2
7 4 3 5 1 6 2
4 6 1 5 2 3 7
5 3 7 6 1 2 4
2 6 4 7 3 1 5
6 4 7 1 3 2 5
7 1 3 4 5 2 6
7 5 6 4 2 1 3
1 5 2 6 7 3 4
5 3 7 4 1 2 6
5 3 4 2 7 1 6
3 7 1 6 4 2 5
3 6 2 5 4 7 1
3 6 4 7 1 2 5
3 7 4 5 2 6 1
5 2 4 6 3 1 7
3 1 4 5 6 2 7
6 5 3 7 4 2 1
2 7 3 6 1 5 4
6 1 3 7 2 4 5
6 1 4 5 3 2 7
5 6 2 1 4 7 3
4 7 6 2 3 5 1
1 7 3 4 6 5 2
4 3 6 1 5 2 7
7 3 4 1 5 2 6
1 4 3 7 6 5 2
3 1 7 4 2 5 6
5 7 4 3 1 2 6
3 4 2 5 7 1 6
6 7 2 4 5 1 3
4 5 7 1 6 3 2
2 7 5 6 1 4 3
3 7 2 5 6 4 1
5 1 6 7 3 4 2
5 2 4 1 7 6 3
7 5 2 4 6 1 3
5 4 7 1 6 3 2
7 3 4 5 6 1 2
6 5 1 7 4 3 2
4 3 2 6 7 1 5
3 6 1 7 2 5 4
6 4 1 2 7 5 3
5 7 4 6 1 2 3
4 5 6 2 7 3 1
5 1 2 7 4 6 3
4 7 1 6 3 2 5
1 5 2 7 4 3 6
7 1 6 2 4 5 3
2 3 6 4 5 7 1
7 4 1 3 2 6 5
6 3 5 7 2 1 4
1 3 2 7 5 6 4
2 5 4 6 7 3 1
3 2 4 7 1 5 6
1 4 2 3 5 7 6
3 2 4 1 5 7 6
5 2 1 3 4 6 7
5 1 3 6 7 4 2
1 2 3 4 5 7 6
7 6 3 2 5 4 1
3 4 1 6 5 2 7
5 3 1 4 7 2 6
3 5 6 4 7 1 2
3 5 7 2 6 4 1
7 1 5 4 3 2 6
2 1 5 3 6 4 7
1 5 7 2 6 3 4
1 5 6 4 2 7 3
6 4 7 1 2 3 5
2 4 3 6 1 5 7
3 7 2 1 4 5 6
2 4 6 3 1 5 7
5 2 1 6 7 4 3
3 1 4 5 2 7 6
5 4 6 3 7 1 2
7 1 3 5 4 6 2
4 7 2 3 1 5 6
2 1 5 4 6 3 7
4 2 3 5 7 1 6
2 5 6 7 3 1 4
2 3 5 6 1 7 4
2 1 3 5 6 4 7
3 1 6 4 7 2 5
1 5 4 6 3 7 2
3 4 2 6 1 5 7
2 3 7 4 1 5 6
2 6 1 7 4 3 5
1 2 4 7 5 3 6
2 1 6 7 3 4 5
1 2 6 4 7 5 3
4 3 2 5 6 1 7
2 7 4 5 6 3 1
6 2 1 3 4 5 7
4 5 2 7 1 6 3
5 6 2 1 4 7 3
2 3 1 7 5 4 6
5 1 6 3 4 2 7
3 2 1 5 7 6 4
7 5 1 4 2 3 6
4 1 2 7 5 3 6
6 7 2 5 1 4 3
2 6 4 7 3 5 1
6 4 7 2 5 3 1
2 1 5 7 3 6 4
3 5 2 4 6 7 1
6 3 1 4 7 2 5
5 6 2 4 3 7 1
3 5 4 1 6 7 2
1 4 6 3 2 7 5
3 1 7 2 4 6 5
1 6 5 4 3 7 2
6 3 4 5 7 2 1
7 6 1 5 3 2 4
7 1 5 3 6 4 2
1 5 2 3 4 7 6
5 4 7 3 1 2 6
6 1 2 3 7 5 4
4 2 1 5 6 7 3
5 6 7 1 2 3 4
3 6 2 7 5 1 4
5 4 1 7 3 2 6
7 3 6 2 5 1 4
3 2 4 1 7 5 6
2 1 6 7 4 3 5
5 1 6 7 4 3 2
5 7 2 3 6 4 1
5 3 2 4 7 6 1
6 5 7 4 1 3 2
5 3 6 7 4 2 1
6 3 5 7 1 2 4
1 2 5 3 6 7 4
7 1 2 3 4 5 6
1 5 2 7 4 6 3
6 7 1 4 3 2 5
7 3 5 1 4 6 2
2 1 4 7 5 3 6
1 7 2 6 3 4 5
2 7 6 5 3 1 4
1 4 3 5 2 7 6
1 5 6 7 4 3 2
1 3 4 5 2 6 7
2 5 3 1 6 4 7
1 4 7 6 2 3 5
6 5 1 7 4 2 3
3 7 4 5 2 1 6
5 3 7 2 6 4 1
3 7 5 1 4 6 2
4 7 1 6 2 3 5
2 3 7 4 1 6 5
5 4 2 1 6 3 7
4 2 1 5 6 3 7
7 1 2 3 6 5 4
5 7 1 2 3 6 4
3 6 1 2 4 7 5
4 3 7 2 6 1 5
2 4 7 1 5 6 3
3 7 6 2 5 4 1
5 4 7 1 2 3 6
4 2 1 5 3 6 7
7 1 2 4 3 5 6
2 5 3 1 6 7 4
2 5 7 3 6 1 4
6 5 1 7 3 4 2
6 5 2 4 3 7 1
5 4 1 6 3 7 2
6 3 4 2 1 7 5
5 1 2 3 7 4 6
2 7 3 6 1 5 4
2 5 3 4 1 7 6
5 1 7 2 4 6 3
5 1 2 6 3 7 4
2 1 7 4 6 5 3
1 4 5 6 2 7 3
2 6 4 3 1 5 7
4 6 1 2 5 3 7
7 5 3 2 6 4 1
4 1 6 3 5 7 2
7 4 3 5 1 6 2
4 6 3 2 7 5 1
2 3 1 7 6 4 5
7 4 1 2 3 6 5
7 1 6 5 4 2 3
3 4 6 2 7 1 5
3 5 6 7 2 4 1
1 4 2 5 3 7 6
3 1 6 5 7 2 4
6 4 5 1 2 3 7
6 4 1 5 7 3 2
1 7 5 2 6 4 3
2 5 1 6 4 3 7
7 1 5 6 4 3 2
2 6 4 7 1 3 5
1 6 3 2 5 4 7
1 7 6 3 5 4 2
2 6 5 1 7 3 4
6 7 4 3 5 2 1
2 3 1 5 6 4 7
5 4 3 2 7 6 1
7 6 2 3 4 1 5
3 2 4 1 5 6 7
6 3 5 2 7 1 4
4 5 6 1 7 3 2
6 1 4 2 3 5 7
4 3 2 5 6 7 1
6 3 5 1 7 2 4
2 3 4 1 7 6 5
5 1 4 7 3 2 6
1 5 7 2 3 6 4
3 6 4 1 5 2 7
3 1 6 2 5 4 7
3 4 2 7 1 6 5
3 1 4 5 7 6 2
6 2 7 1 5 3 4
1 6 4 5 3 7 2
4 1 7 2 5 6 3
5 2 1 6 4 3 7
3 5 1 6 4 7 2
6 4 2 7 5 1 3
5 3 1 6 7 4 2
7 4 2 5 3 6 1
6 3 7 5 2 4 1
3 2 1 4 7 6 5
6 1 5 7 4 2 3
5 4 1 6 3 7 2
2 3 1 7 6 5 4
4 5 7 1 3 2 6
3 7 2 4 1 5 6
3 5 1 7 2 4 6
2 7 4 6 3 5 1
4 6 3 5 1 2 7
7 3 2 4 6 5 1
2 5 6 1 4 7 3
7 1 3 4 6 5 2
5 4 1 6 2 3 7
7 4 5 3 6 2 1
4 7 5 6 1 3 2
1 6 5 7 2 3 4
6 7 2 4 3 5 1
4 1 5 2 7 3 6
6 3 7 4 5 2 1
4 2 1 7 6 3 5
5 1 4 2 3 6 7
2 4 5 3 1 6 7
7 5 2 1 4 6 3
1 3 7 6 4 2 5
3 2 7 4 1 5 6
3 6 5 2 4 1 7
1 6 7 2 3 4 5
3 6 4 7 2 1 5
6 5 2 3 4 1 7
6 7 2 4 5 3 1
6 3 4 5 2 1 7
1 5 2 6 4 7 3
3 2 5 1 7 4 6
1 5 7 3 4 6 2
7 3 1 2 6 5 4
4 6 1 2 7 3 5
1 2 4 3 7 6 5
1 2 3 7 4 5 6
2 4 5 1 6 3 7
4 3 2 7 6 5 1
1 3 2 7 5 4 6
7 5 2 3 4 1 6
1 2 4 5 7 3 6
7 6 4 5 1 3 2
2 5 4 1 7 3 6
7 2 4 3 5 1 6
5 7 3 1 4 6 2
5 6 1 7 3 4 2
4 3 6 1 7 5 2
6 7 4 1 3 5 2

3
Samusk
Treess
Ranl
3 1 2
1 2 3
3 1 2
2 3 1
2 1 3
2 3 1
1 3 2
2 3 1
1 2 3
1 3 2
2 1 3
2 1 3
1 3 2
2 1 3
1 2 3
1 2 3
2 3 1
2 1 3
1 3 2
2 3 1
1 2 3
1 3 2
2 1 3
3 1 2
2 3 1
2 1 3
2 1 3
2 3 1
2 1 3
1 3 2
2 1 3
2 1 3
3 2 1
1 2 3
1 2 3
1 3 2
3 2 1
2 1 3
3 1 2
1 2 3
2 3 1
2 1 3
3 1 2
1 3 2
2 1 3
1 3 2
3 2 1
3 2 1
3 2 1
1 3 2
2 1 3
1 2 3
2 3 1
3 2 1
2 1 3
3 2 1
3 1 2
2 1 3
2 1 3
3 1 2
3 1 2
3 1 2
2 3 1
3 1 2
1 2 3
2 3 1
2 1 3
2 1 3
1 2 3
1 2 3
3 2 1
1 3 2
3 1 2
3 2 1
3 2 1
1 3 2
2 3 1
3 2 1
3 2 1
1 2 3
2 1 3
2 1 3
1 3 2
1 3 2
1 3 2
2 1 3
2 1 3
1 2 3
3 2 1
2 1 3
3 1 2
1 2 3
2 1 3
3 2 1
2 3 1
2 3 1
2 1 3
2 3 1
3 1 2
1 2 3
3 2 1
2 3 1
3 2 1
2 3 1
3 2 1
3 2 1
2 3 1
3 2 1
2 1 3
1 2 3
3 1 2
3 1 2
3 1 2
2 3 1
3 2 1
1 3 2
3 2 1
3 2 1
1 2 3
3 2 1
1 3 2
1 3 2
3 2 1
2 1 3
2 1 3
1 2 3
2 3 1
2 3 1
3 1 2
2 3 1
3 2 1
1 2 3
3 1 2
3 2 1
3 2 1
3 2 1
3 1 2
2 1 3
2 1 3
3 2 1
2 1 3
2 3 1
1 3 2
3 2 1
2 1 3
3 2 1
3 1 2
2 3 1
1 2 3
3 1 2
2 3 1
2 1 3
2 3 1
2 3 1
2 1 3
1 2 3
1 3 2
2 1 3
3 1 2
3 1 2
3 2 1
3 2 1
1 2 3
3 1 2
2 3 1
2 3 1
2 1 3
2 1 3
2 1 3
2 3 1
3 1 2
2 3 1
2 1 3
3 1 2
2 3 1
1 3 2
3 2 1
3 2 1
1 3 2
1 2 3
1 3 2
1 2 3
3 2 1
1 3 2
1 3 2
1 2 3
1 3 2
2 3 1
1 2 3
3 2 1
1 2 3
2 1 3
1 3 2
1 3 2
2 1 3
1 2 3
3 2 1
2 3 1
3 2 1
3 1 2
2 1 3
2 3 1
2 1 3
1 2 3
2 3 1
3 1 2
3 1 2
3 1 2
3 2 1
2 3 1
3 2 1
3 2 1
1 3 2
1 3 2
2 3 1
3 1 2
1 2 3
1 2 3
2 1 3
3 2 1
1 3 2
3 2 1
1 3 2
1 3 2
3 1 2
3 1 2
1 2 3
1 2 3
1 2 3
1 2 3
2 3 1
1 3 2
3 2 1
1 2 3
2 1 3
3 2 1
1 3 2
1 2 3
1 3 2
1 3 2
1 2 3
1 3 2
3 1 2
1 2 3
2 1 3
1 3 2
2 3 1
3 1 2
2 3 1
1 2 3
3 2 1
1 2 3
1 2 3
2 1 3
3 2 1
2 3 1
3 1 2
2 1 3
3 1 2
2 1 3
3 1 2
2 1 3
2 1 3
2 1 3
3 1 2
1 2 3
1 2 3
1 3 2
3 2 1
3 2 1
1 2 3
3 2 1
1 2 3
2 1 3
1 2 3
3 1 2
2 1 3
2 1 3
2 3 1
3 1 2
1 2 3
2 3 1
2 1 3
1 3 2
3 1 2
3 1 2
2 3 1
3 2 1
2 3 1
3 2 1
3 1 2
1 2 3
3 1 2
1 3 2
2 1 3
3 2 1
1 2 3
3 2 1
1 3 2
2 3 1
1 3 2
1 3 2
2 1 3
3 2 1
2 1 3
3 1 2
2 3 1
2 1 3
3 1 2
2 3 1
2 3 1
1 3 2
2 1 3
1 3 2
2 1 3
2 3 1
3 1 2
2 1 3
2 3 1
2 3 1
1 2 3
2 3 1
1 3 2
3 1 2
3 1 2
2 1 3
2 1 3
3 2 1
1 2 3
2 3 1
3 1 2
3 2 1
3 2 1
3 1 2
3 2 1
2 1 3
1 2 3
3 1 2
2 3 1
1 3 2
3 1 2
2 1 3
2 1 3
1 2 3
3 1 2
2 1 3
2 1 3
3 2 1
2 3 1
2 1 3
1 3 2
1 2 3
2 1 3
1 3 2
2 3 1
1 2 3
1 3 2
1 2 3
1 3 2
1 3 2
3 1 2
2 3 1
2 3 1
1 3 2
2 1 3
1 2 3
2 3 1
3 2 1
3 2 1
1 3 2
1 3 2
1 3 2
3 2 1
1 2 3
3 1 2
2 3 1
2 3 1
1 2 3
2 3 1
1 3 2
2 3 1
1 2 3
3 2 1
2 3 1
3 1 2
1 3 2
2 1 3
2 3 1
1 2 3
1 2 3
3 1 2
3 2 1
2 1 3
2 3 1
3 2 1
1 2 3
1 3 2
3 2 1
2 1 3
3 1 2
3 1 2
2 1 3
2 1 3
3 2 1
1 2 3
2 1 3
1 3 2
3 1 2
3 2 1
3 2 1
2 3 1
2 1 3
1 2 3
3 2 1
1 3 2
2 3 1
3 2 1
1 2 3
2 3 1
2 1 3
3 2 1
2 3 1
1 3 2
1 3 2
3 1 2
3 1 2
3 2 1
1 2 3
2 1 3
2 1 3
1 2 3
1 3 2
2 3 1
2 3 1
1 3 2
1 3 2
2 3 1
1 2 3
3 2 1
2 1 3
3 2 1
3 1 2
1 3 2
3 1 2
2 3 1
3 2 1
2 1 3
2 1 3
3 2 1
1 3 2
2 1 3
2 3 1
1 2 3
3 1 2
2 1 3
3 2 1
2 1 3
2 1 3
1 2 3
1 3 2
1 2 3
1 2 3
2 1 3
3 1 2
3 2 1
2 3 1
2 1 3
1 3 2
1 3 2
2 1 3
2 1 3
1 2 3
3 2 1
3 1 2
3 2 1
3 1 2
2 3 1
2 3 1
2 3 1
1 2 3
3 1 2
3 2 1
2 1 3
1 3 2
3 1 2
2 3 1
1 3 2
2 1 3
3 1 2
1 2 3
2 3 1
1 2 3
3 2 1
3 1 2
3 1 2
3 1 2
1 2 3
3 1 2
2 3 1
2 1 3
3 1 2
2 3 1
3 1 2
2 1 3
3 1 2
1 3 2
1 3 2
2 1 3
3 2 1
2 3 1
1 3 2
2 3 1
1 2 3
1 2 3
2 3 1
1 2 3
1 3 2
1 2 3
1 2 3
1 2 3
2 1 3
3 2 1
3 1 2
3 2 1
2 3 1
2 1 3
1 3 2
1 3 2
3 1 2
1 3 2
3 2 1
1 2 3
2 1 3
2 1 3
3 2 1
3 2 1
1 3 2
3 1 2
2 3 1
2 3 1
1 3 2
3 2 1
1 2 3
2 1 3
3 2 1
2 3 1
1 2 3
2 1 3
1 2 3
1 2 3
1 2 3
1 3 2
2 3 1
2 1 3
1 3 2
1 2 3
3 2 1
2 3 1
3 2 1
3 1 2
3 2 1
2 1 3
2 1 3
2 3 1
1 3 2
2 1 3
3 2 1
2 1 3
1 3 2
3 1 2
2 1 3
3 1 2
2 1 3
2 1 3
2 3 1
2 3 1
2 1 3
2 3 1
2 1 3
1 2 3
3 2 1
1 3 2
3 1 2
3 2 1
3 2 1
2 3 1
2 3 1
1 3 2
1 3 2
1 3 2
1 2 3
3 2 1
2 3 1
2 3 1
1 3 2
1 3 2
2 1 3
3 2 1
1 2 3
2 1 3
3 1 2
1 3 2
2 1 3
1 2 3
2 1 3
3 2 1
2 1 3
3 2 1
2 3 1
2 1 3
2 3 1
3 2 1
1 3 2
2 3 1
1 3 2
2 3 1
1 2 3
2 3 1
3 2 1
2 1 3
1 3 2
1 2 3
1 3 2
3 2 1
2 3 1
3 1 2
1 2 3
1 2 3
1 2 3
3 2 1
3 1 2
1 3 2
3 2 1
3 1 2
1 3 2
1 3 2
1 3 2
1 3 2
2 3 1
1 2 3
3 2 1
3 2 1
1 3 2
3 1 2
3 2 1
2 1 3
2 1 3
1 2 3
1 2 3
2 1 3
2 3 1
1 2 3
2 3 1
3 1 2
3 2 1
2 1 3
3 1 2
3 2 1
2 1 3
3 2 1
3 2 1
3 1 2
1 2 3
1 2 3
1 2 3
3 1 2
2 3 1
3 1 2
2 1 3
1 3 2
2 3 1
3 2 1
3 2 1
2 3 1
1 3 2
2 1 3
3 2 1
3 1 2
2 3 1
1 3 2
3 2 1
3 2 1
3 2 1
1 2 3
3 1 2
3 2 1
3 2 1
1 3 2
1 2 3
3 2 1
1 2 3
3 1 2
1 2 3
3 1 2
3 1 2
2 3 1
3 2 1
1 3 2
1 2 3
2 3 1
3 2 1
3 2 1
2 1 3
3 2 1
1 2 3
2 1 3
3 1 2
1 3 2
1 3 2
2 1 3
2 1 3
