10

1
Mewtwo
1

3
Chansey
Jigglypuff
Goldeen
1 2 3
3 2 1
2 1 3
1 2 3
2 1 3

5
Ditto
Lapras
Cubone
Onix
Electrode
1 2 3 4 5
2 3 4 5 1
3 4 5 1 2
4 5 1 2 3
5 1 2 3 4
2 3 4 5 1
3 4 5 1 2
4 5 1 2 3
5 1 2 3 4
2 3 4 5 1
3 4 5 1 2
4 5 1 2 3
5 1 2 3 4
2 3 4 5 1
3 4 5 1 2
4 5 1 2 3
5 1 2 3 4
3 4 5 1 2
4 5 1 2 3
5 1 2 3 4
2 3 4 5 1
3 4 5 1 2
3 4 5 1 2
4 5 1 2 3
5 1 2 3 4
2 3 4 5 1
3 4 5 1 2
4 5 1 2 3
5 1 2 3 4
2 3 4 5 1
3 4 5 1 2
4 5 1 2 3
5 1 2 3 4
2 3 4 5 1
3 4 5 1 2
4 5 1 2 3
5 1 2 3 4
3 4 5 1 2
4 5 1 2 3
5 1 2 3 4
2 3 4 5 1
3 4 5 1 2
3 4 5 1 2
5 1 2 3 4
2 3 4 5 1
3 4 5 1 2
4 5 1 2 3
5 1 2 3 4
2 3 4 5 1
3 4 5 1 2
4 5 1 2 3
5 1 2 3 4
2 3 4 5 1
3 4 5 1 2
4 5 1 2 3
5 1 2 3 4
3 4 5 1 2


2
Pidgey
Caterpie
1 2
2 1
1 2
2 1
1 2
2 1
1 2
2 1
1 2
2 1
1 2
2 1
1 2
2 1
1 2
2 1
1 2
2 1
1 2
2 1
1 2
2 1
1 2
2 1
1 2
2 1
1 2
2 1
1 2
2 1
1 2
2 1
1 2
2 1
1 2
2 1
1 2
2 1
1 2
2 1
1 2
2 1
1 2
2 1
1 2
2 1
1 2
2 1
1 2
2 1
1 2
2 1
1 2
2 1
1 2
2 1
1 2
2 1
1 2
2 1
1 2
2 1
1 2
2 1
1 2
2 1
1 2
2 1
1 2
2 1
1 2
2 1
1 2
2 1
1 2
2 1
1 2
2 1
1 2
2 1
1 2
2 1
1 2
2 1
1 2
2 1
1 2
2 1
1 2
2 1
1 2
2 1
1 2
2 1
1 2
2 1
1 2
2 1
1 2
2 1
1 2
2 1
1 2
2 1
1 2
2 1
1 2
2 1
1 2
2 1
1 2
2 1
1 2
2 1
1 2
2 1
1 2
2 1
1 2
2 1
1 2
2 1
1 2
2 1
1 2
2 1
1 2
2 1
1 2
2 1
1 2
2 1
1 2
2 1
1 2
2 1
1 2
2 1
1 2
2 1
1 2
2 1
1 2
2 1

9
charmander
bulbasaur
squirtle
pikachu
jigglypuff
mew
eevee
togepi
vulpix
2 9 1 4 3 5 8 6 7
8 9 5 3 4 2 7 6 1
6 8 2 1 5 7 4 9 3
8 7 2 1 5 4 6 3 9
9 4 1 5 2 6 8 3 7
8 5 7 4 1 6 2 3 9
2 9 4 5 3 1 7 8 6
2 4 3 6 1 7 8 9 5
1 5 6 8 3 7 4 9 2
1 9 8 2 7 3 5 4 6
3 1 9 6 2 4 5 7 8
2 4 8 5 1 6 9 3 7
5 6 8 2 1 7 4 3 9
7 5 3 4 6 9 2 1 8
7 9 5 2 8 1 3 4 6
4 7 6 5 1 9 8 2 3
5 9 2 1 4 7 6 8 3
1 5 9 2 8 4 3 6 7
8 1 7 9 6 3 5 4 2
4 7 6 3 5 1 2 9 8
6 2 1 8 9 5 3 7 4
6 2 9 4 7 8 5 3 1
2 8 5 6 4 1 9 7 3
1 7 2 3 5 4 8 6 9
5 3 4 8 2 7 6 9 1
7 8 3 1 6 4 9 5 2
9 1 7 5 8 6 2 4 3
5 6 1 8 3 2 4 9 7
1 6 5 7 2 8 4 9 3
3 1 5 7 9 2 4 8 6
8 2 5 7 1 3 9 6 4
3 9 1 4 7 2 6 8 5
8 5 7 2 6 9 3 4 1
1 3 7 6 9 5 4 8 2
1 3 5 4 7 6 2 8 9
7 4 6 9 8 2 5 3 1
9 1 8 5 3 6 7 4 2
9 2 3 1 4 6 8 7 5
5 7 3 1 8 2 4 9 6
3 7 2 8 6 4 9 1 5

1
Dragonite
1
1
1
1
1
1
1
1
1
1
1
1
1
1
1
1
1
1
1
1
1
1
1
1
1
1
1
1
1
1
1
1
1
1
1
1
1
1
1
1
1
1
1
1
1
1
1
1
1
1
1
1
1
1
1
1
1
1
1
1
1
1
1
1
1
1
1
1
1
1
1
1
1
1
1
1
1
1
1
1
1
1
1
1
1
1
1
1
1
1
1
1
1
1
1
1
1
1
1
1
1
1
1
1
1
1
1
1
1
1
1
1
1
1
1
1
1
1
1
1
1
1
1
1
1
1
1
1
1
1
1
1
1
1
1
1
1
1
1
1
1
1
1
1
1
1
1
1
1
1
1
1
1
1
1
1
1
1
1
1
1
1
1
1
1
1
1
1
1
1
1
1
1
1
1
1
1
1
1
1
1
1
1
1
1
1
1
1
1
1
1
1

3
Articuno
Zapdos
Moltres
1 2 3
2 1 3
2 3 1
1 2 3
3 1 2
1 2 3
2 1 3
2 3 1
1 2 3
3 1 2
1 2 3
2 1 3
2 3 1
1 2 3
3 1 2
1 2 3
2 1 3
2 3 1
1 2 3
3 1 2
1 2 3
2 1 3
2 3 1
3 1 2
1 2 3
2 1 3
2 3 1
1 2 3
3 1 2
1 2 3
3 1 2
2 1 3
2 1 3
2 1 3
1 2 3
2 1 3
2 3 1
2 1 3
2 1 3
2 1 3
2 1 3
2 1 3
1 2 3
2 1 3
2 3 1
2 1 3
2 1 3
2 1 3
2 1 3
1 2 3
2 1 3
2 3 1
1 2 3
3 1 2
1 2 3
3 1 2
1 2 3
2 1 3
2 3 1
1 2 3
3 1 2
1 2 3
1 2 3
3 1 2
1 2 3
2 1 3
2 3 1
1 2 3
3 1 2
1 2 3
2 1 3
2 3 1
1 2 3
3 1 2
1 2 3
2 1 3
2 3 1
1 2 3
3 1 2
1 2 3
2 1 3
2 3 1
1 2 3
3 1 2
1 2 3
2 1 3
2 3 1
1 2 3
3 1 2
1 2 3
2 1 3
2 3 1
1 2 3
3 1 2
1 2 3
2 1 3
2 3 1
1 2 3
3 1 2
1 2 3
2 1 3
2 3 1
1 2 3
3 1 2
1 2 3
2 1 3
2 3 1
1 2 3
3 1 2
1 2 3
2 1 3
2 3 1
1 2 3
3 1 2
1 2 3
2 1 3
2 3 1
1 2 3
3 1 2
1 2 3
2 1 3
2 3 1
1 2 3
3 1 2
1 2 3
2 1 3
2 3 1
1 2 3
3 1 2
1 2 3
2 1 3
2 3 1
1 2 3
3 1 2
1 2 3
2 1 3
2 3 1
1 2 3
3 1 2
1 2 3
2 1 3
2 3 1
1 2 3
3 1 2
1 2 3
2 1 3
2 3 1
1 2 3
3 1 2
1 2 3
2 1 3
2 3 1
1 2 3
3 1 2
1 2 3
2 1 3
2 3 1
1 2 3
3 1 2
1 2 3
2 1 3
2 3 1
1 2 3
3 1 2
1 2 3
2 1 3
2 3 1
1 2 3
3 1 2
2 1 3

9
abra
kadabra
alakazam
machop
machoke
machamp
geodude
graveler
golem
2 9 1 4 3 5 8 6 7
8 9 5 3 4 2 7 6 1
6 8 2 1 5 7 4 9 3
8 7 2 1 5 4 6 3 9
9 4 1 5 2 6 8 3 7
8 5 7 4 1 6 2 3 9
2 9 4 5 3 1 7 8 6
2 4 3 6 1 7 8 9 5
1 5 6 8 3 7 4 9 2
1 9 8 2 7 3 5 4 6
3 1 9 6 2 4 5 7 8
2 4 8 5 1 6 9 3 7
5 6 8 2 1 7 4 3 9
7 5 3 4 6 9 2 1 8
7 9 5 2 8 1 3 4 6
4 7 6 5 1 9 8 2 3
5 9 2 1 4 7 6 8 3
1 5 9 2 8 4 3 6 7
8 1 7 9 6 3 5 4 2
4 7 6 3 5 1 2 9 8
6 2 1 8 9 5 3 7 4
6 2 9 4 7 8 5 3 1
2 8 5 6 4 1 9 7 3
1 7 2 3 5 4 8 6 9
5 3 4 8 2 7 6 9 1
7 8 3 1 6 4 9 5 2
9 1 7 5 8 6 2 4 3
5 6 1 8 3 2 4 9 7
1 6 5 7 2 8 4 9 3
3 1 5 7 9 2 4 8 6
8 2 5 7 1 3 9 6 4
3 9 1 4 7 2 6 8 5
8 5 7 2 6 9 3 4 1
1 3 7 6 9 5 4 8 2
1 3 5 4 7 6 2 8 9
7 4 6 9 8 2 5 3 1
9 1 8 5 3 6 7 4 2
9 2 3 1 4 6 8 7 5
5 7 3 1 8 2 4 9 6
2 9 4 5 3 1 7 8 6
2 4 3 6 1 7 8 9 5
1 5 6 8 3 7 4 9 2
1 9 8 2 7 3 5 4 6
3 1 9 6 2 4 5 7 8
2 4 8 5 1 6 9 3 7
5 6 8 2 1 7 4 3 9
7 5 3 4 6 9 2 1 8
7 9 5 2 8 1 3 4 6
4 7 6 5 1 9 8 2 3
5 9 2 1 4 7 6 8 3
1 5 9 2 8 4 3 6 7
8 1 7 9 6 3 5 4 2
4 7 6 3 5 1 2 9 8
6 2 1 8 9 5 3 7 4
6 2 9 4 7 8 5 3 1
2 8 5 6 4 1 9 7 3
7 8 3 1 6 4 9 5 2
9 1 7 5 8 6 2 4 3
5 6 1 8 3 2 4 9 7
1 6 5 7 2 8 4 9 3
3 1 5 7 9 2 4 8 6
8 2 5 7 1 3 9 6 4
3 9 1 4 7 2 6 8 5
8 5 7 2 6 9 3 4 1
1 3 7 6 9 5 4 8 2
1 3 5 4 7 6 2 8 9
7 4 6 9 8 2 5 3 1
9 1 8 5 3 6 7 4 2
9 2 3 1 4 6 8 7 5
5 7 3 1 8 2 4 9 6
2 9 4 5 3 1 7 8 6
2 4 3 6 1 7 8 9 5
1 5 6 8 3 7 4 9 2
1 9 8 2 7 3 5 4 6
3 1 9 6 2 4 5 7 8
2 4 8 5 1 6 9 3 7
5 6 8 2 1 7 4 3 9
7 5 3 4 6 9 2 1 8
7 9 5 2 8 1 3 4 6
4 7 6 5 1 9 8 2 3
5 9 2 1 4 7 6 8 3
1 5 9 2 8 4 3 6 7
8 1 7 9 6 3 5 4 2
4 7 6 3 5 1 2 9 8
6 2 1 8 9 5 3 7 4
1 7 2 3 5 4 8 6 9
5 3 4 8 2 7 6 9 1
7 8 3 1 6 4 9 5 2
9 1 7 5 8 6 2 4 3
5 6 1 8 3 2 4 9 7
1 6 5 7 2 8 4 9 3
3 1 5 7 9 2 4 8 6
2 4 8 5 1 6 9 3 7
5 6 8 2 1 7 4 3 9
7 5 3 4 6 9 2 1 8
7 9 5 2 8 1 3 4 6
4 7 6 5 1 9 8 2 3
5 9 2 1 4 7 6 8 3
1 5 9 2 8 4 3 6 7
8 1 7 9 6 3 5 4 2
4 7 6 3 5 1 2 9 8
6 2 1 8 9 5 3 7 4
6 2 9 4 7 8 5 3 1
2 8 5 6 4 1 9 7 3
7 8 3 1 6 4 9 5 2
9 1 7 5 8 6 2 4 3
5 6 1 8 3 2 4 9 7
1 6 5 7 2 8 4 9 3
3 1 5 7 9 2 4 8 6
8 2 5 7 1 3 9 6 4
3 9 1 4 7 2 6 8 5
8 5 7 2 6 9 3 4 1
7 4 6 9 8 2 5 3 1
9 1 8 5 3 6 7 4 2
9 2 3 1 4 6 8 7 5
5 7 3 1 8 2 4 9 6
2 9 4 5 3 1 7 8 6
6 2 9 4 7 8 5 3 1
2 8 5 6 4 1 9 7 3
7 8 3 1 6 4 9 5 2
9 1 7 5 8 6 2 4 3
5 6 1 8 3 2 4 9 7
1 6 5 7 2 8 4 9 3
3 1 5 7 9 2 4 8 6
8 2 5 7 1 3 9 6 4
3 9 1 4 7 2 6 8 5
8 5 7 2 6 9 3 4 1
7 4 6 9 8 2 5 3 1
9 1 8 5 3 6 7 4 2
9 2 3 1 4 6 8 7 5
5 7 3 1 8 2 4 9 6
2 4 3 6 1 7 8 9 5
7 4 6 9 8 2 5 3 1
9 1 8 5 3 6 7 4 2
9 2 3 1 4 6 8 7 5
5 7 3 1 8 2 4 9 6
2 9 4 5 3 1 7 8 6
2 4 3 6 1 7 8 9 5
1 5 6 8 3 7 4 9 2
1 9 8 2 7 3 5 4 6
3 1 9 6 2 4 5 7 8
2 4 8 5 1 6 9 3 7
5 6 8 2 1 7 4 3 9
7 5 3 4 6 9 2 1 8
7 9 5 2 8 1 3 4 6
4 7 6 5 1 9 8 2 3
5 9 2 1 4 7 6 8 3
1 5 9 2 8 4 3 6 7
8 1 7 9 6 3 5 4 2
4 7 6 3 5 1 2 9 8
1 5 6 8 3 7 4 9 2
1 9 8 2 7 3 5 4 6
3 1 9 6 2 4 5 7 8
2 4 8 5 1 6 9 3 7
5 6 8 2 1 7 4 3 9
7 5 3 4 6 9 2 1 8
7 9 5 2 8 1 3 4 6
4 7 6 5 1 9 8 2 3
5 9 2 1 4 7 6 8 3
1 5 9 2 8 4 3 6 7
8 1 7 9 6 3 5 4 2
4 7 6 3 5 1 2 9 8
3 7 2 8 6 4 9 1 5
6 2 9 4 7 8 5 3 1
2 8 5 6 4 1 9 7 3
7 8 3 1 6 4 9 5 2
9 1 7 5 8 6 2 4 3
5 6 1 8 3 2 4 9 7
1 6 5 7 2 8 4 9 3
3 1 5 7 9 2 4 8 6
8 2 5 7 1 3 9 6 4
3 9 1 4 7 2 6 8 5
8 5 7 2 6 9 3 4 1
7 4 6 9 8 2 5 3 1
9 1 8 5 3 6 7 4 2
9 2 3 1 4 6 8 7 5
5 7 3 1 8 2 4 9 6

20
clefairy
clefable
jigglypuff
wigglytuff
vulpix
ninetails
venonat
venomoth
oddish
gloom
vileplum
zubat
golbat
mankey
primeape
growlithe
arcanine
poliwag
poliwhirl
poliwrath
11 18 19 14 17 10 9 5 3 13 12 2 7 15 6 4 16 20 1 8
5 8 6 9 17 12 14 19 20 3 18 2 15 11 10 13 16 7 4 1
16 18 15 11 10 17 12 20 3 6 5 2 8 1 9 19 13 7 14 4
20 1 18 7 16 2 3 8 10 9 19 14 12 15 17 11 5 6 4 13
12 15 9 6 17 4 16 13 19 1 8 11 14 5 7 2 10 20 3 18
17 10 1 11 8 18 3 14 13 4 15 16 2 20 12 19 5 7 9 6
17 6 10 15 3 12 1 2 19 11 7 18 20 16 13 14 8 9 5 4
4 3 9 20 7 5 18 13 14 16 1 15 10 12 19 8 6 17 2 11
13 14 12 10 6 4 11 2 7 3 19 17 16 20 5 15 1 9 18 8
2 11 4 5 10 1 14 3 6 15 17 9 8 7 16 20 18 19 12 13
9 10 2 8 14 4 13 19 15 7 1 3 20 6 16 18 12 11 5 17
5 17 15 7 4 2 14 11 10 9 1 18 20 12 8 6 3 19 16 13
6 14 2 15 17 7 16 20 10 3 4 12 1 9 19 8 13 18 11 5
11 5 16 4 3 7 20 12 19 13 8 10 2 6 1 18 14 17 15 9
10 2 11 14 9 4 16 3 6 1 18 19 17 7 12 20 13 15 5 8
12 9 10 2 7 4 20 16 8 15 13 6 11 5 17 14 3 19 1 18
11 20 16 14 17 12 10 2 7 5 19 9 8 3 15 18 6 4 1 13
4 14 6 20 3 13 16 17 9 12 18 11 2 19 1 15 7 8 10 5
17 19 2 13 1 6 8 14 3 11 10 16 15 18 9 4 7 5 12 20
11 18 19 14 17 10 9 5 3 13 12 2 7 15 6 4 16 20 1 8
5 8 6 9 17 12 14 19 20 3 18 2 15 11 10 13 16 7 4 1
16 18 15 11 10 17 12 20 3 6 5 2 8 1 9 19 13 7 14 4
20 1 18 7 16 2 3 8 10 9 19 14 12 15 17 11 5 6 4 13
12 15 9 6 17 4 16 13 19 1 8 11 14 5 7 2 10 20 3 18
17 10 1 11 8 18 3 14 13 4 15 16 2 20 12 19 5 7 9 6
17 6 10 15 3 12 1 2 19 11 7 18 20 16 13 14 8 9 5 4
4 3 9 20 7 5 18 13 14 16 1 15 10 12 19 8 6 17 2 11
13 14 12 10 6 4 11 2 7 3 19 17 16 20 5 15 1 9 18 8
2 11 4 5 10 1 14 3 6 15 17 9 8 7 16 20 18 19 12 13
9 10 2 8 14 4 13 19 15 7 1 3 20 6 16 18 12 11 5 17
5 17 15 7 4 2 14 11 10 9 1 18 20 12 8 6 3 19 16 13
6 14 2 15 17 7 16 20 10 3 4 12 1 9 19 8 13 18 11 5
11 5 16 4 3 7 20 12 19 13 8 10 2 6 1 18 14 17 15 9
10 2 11 14 9 4 16 3 6 1 18 19 17 7 12 20 13 15 5 8
15 5 4 12 17 8 3 19 7 18 11 9 10 2 20 14 13 6 16 1
17 15 10 12 9 3 7 5 19 8 13 11 2 14 20 18 1 6 4 16
20 1 12 10 14 11 9 2 16 8 5 6 3 4 17 13 15 18 19 7
1 4 11 5 6 8 18 16 13 19 17 7 2 14 9 3 15 12 10 20
11 13 15 6 9 4 14 20 7 16 8 5 12 17 19 10 18 3 2 1
12 18 4 13 17 5 10 19 2 20 3 1 14 8 15 6 9 11 16 7
7 4 16 17 10 2 18 1 12 20 19 3 14 8 6 13 9 11 15 5
7 20 4 13 11 18 5 17 14 9 16 19 12 1 15 6 3 10 8 2
1 13 9 19 7 10 14 6 4 12 18 5 16 11 2 17 20 3 15 8
3 9 11 1 18 4 14 19 2 17 13 15 16 8 6 20 12 10 5 7
18 17 5 2 16 19 1 20 9 15 7 4 14 3 6 12 10 8 13 11
6 16 17 10 3 19 20 8 7 1 11 12 18 2 4 13 14 15 5 9
1 8 3 7 20 11 6 2 15 9 4 13 12 18 14 10 19 17 16 5
19 13 16 12 11 7 10 8 18 2 17 20 15 5 3 9 1 6 4 14
8 17 4 18 12 9 3 16 7 11 10 6 2 19 13 5 14 1 15 20
7 12 1 8 2 5 16 14 15 11 17 4 3 20 18 9 13 10 6 19
20 10 12 7 4 9 18 11 19 2 1 14 5 6 16 3 17 13 15 8
13 9 10 4 3 2 11 12 5 16 20 14 1 6 15 19 7 17 8 18
10 2 11 14 9 4 16 3 6 1 18 19 17 7 12 20 13 15 5 8
15 5 4 12 17 8 3 19 7 18 11 9 10 2 20 14 13 6 16 1
17 15 10 12 9 3 7 5 19 8 13 11 2 14 20 18 1 6 4 16
20 1 12 10 14 11 9 2 16 8 5 6 3 4 17 13 15 18 19 7
1 4 11 5 6 8 18 16 13 19 17 7 2 14 9 3 15 12 10 20
11 13 15 6 9 4 14 20 7 16 8 5 12 17 19 10 18 3 2 1
12 18 4 13 17 5 10 19 2 20 3 1 14 8 15 6 9 11 16 7
7 4 16 17 10 2 18 1 12 20 19 3 14 8 6 13 9 11 15 5
7 20 4 13 11 18 5 17 14 9 16 19 12 1 15 6 3 10 8 2
1 13 9 19 7 10 14 6 4 12 18 5 16 11 2 17 20 3 15 8
3 9 11 1 18 4 14 19 2 17 13 15 16 8 6 20 12 10 5 7
18 17 5 2 16 19 1 20 9 15 7 4 14 3 6 12 10 8 13 11
6 16 17 10 3 19 20 8 7 1 11 12 18 2 4 13 14 15 5 9
1 8 3 7 20 11 6 2 15 9 4 13 12 18 14 10 19 17 16 5
19 13 16 12 11 7 10 8 18 2 17 20 15 5 3 9 1 6 4 14
8 17 4 18 12 9 3 16 7 11 10 6 2 19 13 5 14 1 15 20
7 12 1 8 2 5 16 14 15 11 17 4 3 20 18 9 13 10 6 19
20 10 12 7 4 9 18 11 19 2 1 14 5 6 16 3 17 13 15 8
13 9 10 4 3 2 11 12 5 16 20 14 1 6 15 19 7 17 8 18
14 10 2 20 11 12 9 5 8 19 7 17 15 6 13 3 4 18 16 1
1 19 14 3 16 2 20 13 12 5 18 11 6 8 9 4 7 17 15 10
20 8 10 3 18 13 9 19 2 12 6 11 15 5 14 1 7 4 17 16
4 11 3 8 1 20 2 10 15 17 5 19 6 16 13 7 12 18 14 9
4 12 3 20 6 14 1 17 10 2 5 11 13 15 16 7 18 8 9 19
10 13 11 12 6 14 20 19 16 15 18 4 8 1 9 17 2 5 7 3
13 8 10 19 18 5 2 4 14 17 3 15 1 9 7 12 20 6 11 16
14 20 9 19 11 13 6 15 17 4 8 12 2 1 7 5 3 16 10 18
14 10 11 15 8 12 1 18 7 4 20 16 6 2 17 19 9 13 5 3
1 5 8 17 6 7 14 13 12 18 3 20 16 19 15 10 2 9 11 4
19 9 1 10 17 12 6 18 15 13 8 20 5 4 14 7 11 3 2 16
12 9 10 2 7 4 20 16 8 15 13 6 11 5 17 14 3 19 1 18
11 20 16 14 17 12 10 2 7 5 19 9 8 3 15 18 6 4 1 13
14 10 2 20 11 12 9 5 8 19 7 17 15 6 13 3 4 18 16 1
1 19 14 3 16 2 20 13 12 5 18 11 6 8 9 4 7 17 15 10
20 8 10 3 18 13 9 19 2 12 6 11 15 5 14 1 7 4 17 16
4 11 3 8 1 20 2 10 15 17 5 19 6 16 13 7 12 18 14 9
4 12 3 20 6 14 1 17 10 2 5 11 13 15 16 7 18 8 9 19
10 13 11 12 6 14 20 19 16 15 18 4 8 1 9 17 2 5 7 3
13 8 10 19 18 5 2 4 14 17 3 15 1 9 7 12 20 6 11 16
1 19 14 3 16 2 20 13 12 5 18 11 6 8 9 4 7 17 15 10
20 8 10 3 18 13 9 19 2 12 6 11 15 5 14 1 7 4 17 16
4 11 3 8 1 20 2 10 15 17 5 19 6 16 13 7 12 18 14 9
4 12 3 20 6 14 1 17 10 2 5 11 13 15 16 7 18 8 9 19
10 13 11 12 6 14 20 19 16 15 18 4 8 1 9 17 2 5 7 3
13 8 10 19 18 5 2 4 14 17 3 15 1 9 7 12 20 6 11 16
1 5 8 17 6 7 14 13 12 18 3 20 16 19 15 10 2 9 11 4
19 9 1 10 17 12 6 18 15 13 8 20 5 4 14 7 11 3 2 16
12 9 10 2 7 4 20 16 8 15 13 6 11 5 17 14 3 19 1 18
11 20 16 14 17 12 10 2 7 5 19 9 8 3 15 18 6 4 1 13
14 20 9 19 11 13 6 15 17 4 8 12 2 1 7 5 3 16 10 18
14 10 11 15 8 12 1 18 7 4 20 16 6 2 17 19 9 13 5 3
1 5 8 17 6 7 14 13 12 18 3 20 16 19 15 10 2 9 11 4
19 9 1 10 17 12 6 18 15 13 8 20 5 4 14 7 11 3 2 16
12 9 10 2 7 4 20 16 8 15 13 6 11 5 17 14 3 19 1 18
11 20 16 14 17 12 10 2 7 5 19 9 8 3 15 18 6 4 1 13
4 14 6 20 3 13 16 17 9 12 18 11 2 19 1 15 7 8 10 5
4 14 6 20 3 13 16 17 9 12 18 11 2 19 1 15 7 8 10 5
17 19 2 13 1 6 8 14 3 11 10 16 15 18 9 4 7 5 12 20

10
krabby
kingler
onix
drowsee
hypno
grimer
muk
gastly
haunter
gengar
4 7 8 3 1 10 6 9 2 5
6 8 10 7 3 2 1 4 9 5
6 5 3 4 2 9 1 8 10 7
7 3 1 9 5 8 6 10 2 4
7 6 10 4 3 1 8 5 9 2
3 8 7 9 2 5 6 10 4 1
10 4 7 2 5 8 3 6 1 9
7 5 1 10 4 9 6 2 3 8
1 9 2 3 4 6 8 5 7 10
1 8 7 10 9 4 5 6 3 2
5 7 10 4 8 9 2 3 1 6
8 9 1 3 7 2 5 4 6 10
9 4 7 1 10 5 6 2 8 3
4 3 7 2 1 8 9 10 5 6
8 1 4 2 3 7 5 10 9 6
8 1 4 9 3 5 2 7 10 6
5 7 1 3 10 2 6 9 4 8
6 5 10 7 9 2 1 8 4 3
8 10 3 9 2 1 6 7 5 4
8 6 10 3 1 4 5 9 7 2
3 5 4 1 10 9 7 6 8 2
1 2 7 6 5 3 9 4 10 8
10 4 7 2 5 8 3 6 1 9
7 5 1 10 4 9 6 2 3 8
1 9 2 3 4 6 8 5 7 10
1 8 7 10 9 4 5 6 3 2
5 7 10 4 8 9 2 3 1 6
8 9 1 3 7 2 5 4 6 10
8 1 4 9 3 5 2 7 10 6
5 7 1 3 10 2 6 9 4 8
6 5 10 7 9 2 1 8 4 3
8 10 3 9 2 1 6 7 5 4
7 5 1 10 4 9 6 2 3 8
1 9 2 3 4 6 8 5 7 10
1 8 7 10 9 4 5 6 3 2
5 7 10 4 8 9 2 3 1 6
8 9 1 3 7 2 5 4 6 10
9 4 7 1 10 5 6 2 8 3
4 3 7 2 1 8 9 10 5 6
8 1 4 2 3 7 5 10 9 6
8 1 4 9 3 5 2 7 10 6
5 7 1 3 10 2 6 9 4 8
6 5 10 7 9 2 1 8 4 3
8 10 3 9 2 1 6 7 5 4
8 6 10 3 1 4 5 9 7 2
3 5 4 1 10 9 7 6 8 2
1 2 7 6 5 3 9 4 10 8
10 4 7 2 5 8 3 6 1 9
7 5 1 10 4 9 6 2 3 8
1 9 2 3 4 6 8 5 7 10
1 8 7 10 9 4 5 6 3 2
5 7 10 4 8 9 2 3 1 6
8 9 1 3 7 2 5 4 6 10
8 1 4 9 3 5 2 7 10 6
5 7 1 3 10 2 6 9 4 8
8 6 10 3 1 4 5 9 7 2