16

5
Jane Doe
Tavish DeGroot
Dell Cohnager
Joe Bloe
Micah Turner
5 1 4 2 1
5 1 1 3 4
5 3 1 4 2
2 1 5 3 4
5 4 3 2 1
1 5 2 1 4
3 1 4 5 1
5 4 1 3 1
4 1 2 5 3
3 5 2 1 4
5 2 1 4 3
5 2 3 1 4
1 4 1 5 2
4 3 5 1 1
2 4 1 5 1
2 5 1 3 4
5 3 4 2 1
5 3 4 2 1
4 1 1 5 2
1 2 1 5 4
3 1 5 4 1
5 4 2 1 1
1 3 5 1 4
4 1 1 5 1
1 3 1 5 4
5 1 3 2 4
2 5 1 1 4
4 1 5 1 3
4 1 1 5 1
5 4 3 1 1
1 5 2 4 1
4 5 1 1 3
4 5 3 1 1
1 5 4 2 1
3 1 5 1 4
4 5 1 1 2
5 3 4 1 1
4 5 2 3 1
2 1 4 5 1
4 5 1 2 1
5 1 3 4 1
2 4 1 5 1
3 5 4 1 1
2 3 5 1 4
3 5 1 2 4
1 5 2 1 4
5 4 1 3 1
2 4 3 5 1
1 1 5 2 4
1 5 3 4 1
1 5 2 4 1
4 1 5 3 2
4 1 5 2 1
4 5 1 1 2
3 5 4 2 1
4 1 2 5 3
3 1 4 5 2
4 3 5 1 2
5 4 1 1 3
3 5 2 1 4
4 5 1 1 1
3 1 5 4 1
2 1 5 1 4
3 4 5 1 2
2 5 4 1 1
1 3 1 5 4
5 2 1 1 4
1 4 5 1 3
4 1 3 5 2
1 2 5 4 3
4 1 3 5 1
1 5 3 4 2
5 1 2 4 1
1 5 2 3 4
1 5 4 2 1
1 2 3 5 4
2 5 1 4 1
5 3 1 1 4
1 1 2 5 4
1 4 5 3 2
1 2 5 4 1
1 2 3 5 4
4 3 5 1 2
1 4 5 1 2

5
Jane Doe
Tavish DeGroot
Dell Cohnager
Joe Bloe
Micah Turner
3 1 5 2 4
1 5 1 4 2
5 3 4 1 2
5 1 3 1 4
3 5 1 4 1
2 3 4 5 1
2 4 1 5 1
4 5 2 3 1
5 1 2 1 4
1 4 3 5 1
5 1 1 2 4
4 2 1 5 3
1 4 1 5 1
5 2 1 1 4
3 1 1 5 4
1 4 2 5 1
5 3 1 1 4
5 3 1 1 4
5 4 1 1 1
5 1 3 2 4
5 4 3 2 1
4 2 1 5 1
1 5 1 4 1
5 4 1 1 2
4 2 5 1 1
1 1 4 5 1
5 1 1 3 4
4 1 1 5 3
3 1 1 5 4
1 1 4 5 1
5 4 3 1 1
5 4 3 2 1
3 1 5 4 1
3 4 5 2 1
3 1 5 4 1
1 4 5 1 1
1 4 3 5 1
2 1 4 5 1
1 1 3 5 4
3 5 1 1 4
5 2 3 1 4
5 1 3 2 4
5 1 3 4 2
5 2 1 4 1
2 5 1 1 4
4 1 5 3 1
1 5 4 1 1
5 1 3 4 1
5 4 1 3 1
5 4 1 1 2

3
Jane Doe
Tavish DeGroot
Dell Cohnager
2 3 1
1 3 2
3 1 2
3 2 1
1 3 2
1 3 2
3 1 2
3 2 1
3 1 2
1 3 2
3 2 1
3 1 2
2 3 1
3 2 1
1 3 2
3 2 1
2 3 1
3 1 2
1 3 2
3 2 1
3 2 1
1 3 2
3 2 1
3 2 1
2 3 1
3 1 2
3 1 2
2 3 1
3 2 1
1 3 2
1 3 2
3 1 2
3 1 2
3 2 1
3 2 1
3 1 2
3 2 1
2 3 1
3 2 1
3 1 2
3 1 2
2 3 1
1 3 2
2 3 1
3 1 2
2 3 1
3 1 2
3 1 2
2 3 1
3 1 2
3 1 2
3 1 2
2 3 1
1 3 2
3 1 2
3 1 2
3 2 1
1 3 2
3 1 2
3 2 1
2 3 1
1 3 2
3 1 2
2 3 1
1 3 2
2 3 1
1 3 2
1 3 2
3 2 1
2 3 1

3
John Doe
Jane Smith
Sirhan Sirhan
1 2 3
2 1 3
2 3 1
1 2 3
3 1 2

3
John Doe
Jane Smith
Sirhan Sirhan
1 2 3
2 1 3
2 3 1
1 2 3
3 2 1

3
John Doe
Jane Smith
Sirhan Sirhan
1 2 3
2 1 3
2 3 1
1 2 3
3 1 2
3 2 1

3
John Doe
Jane Smith
Sirhan Sirhan
2 1 3
2 1 3
2 3 1
1 2 3
3 2 1

6
John Doe
Jane Smith
Sirhan Sirhan
Cliff
Micah
Downing
2 1 3 6 4 5
2 1 3 6 5 4
2 3 1 4 5 6
1 2 3 5 4 6
3 2 1 6 4 5
6 1 4 2 3 5
5 6 2 4 1 2
1 2 3 4 5 6
6 5 4 3 2 1

4
a
b
c
d
1 2 3 4
2 3 4 1
1 3 2 4
3 2 1 4
4 3 2 1
1 3 4 2

4
a
b
c
d
1 2 3 4
2 3 4 1
2 3 1 4
3 2 1 4
4 3 2 1
1 2 4 3
1 3 4 2

6
Inocencia Marton
Dortha Tollison
Eura Voll
Glynis Burger
Clementine Dengler
Nolan Brummitt
6 3 1 2 4 5
5 1 3 4 2 6
6 2 4 3 1 5
1 5 2 6 4 3
2 6 3 4 1 5
6 5 4 3 2 1
5 3 4 2 6 1
6 3 2 4 5 1
4 6 1 3 2 5
3 5 2 4 6 1
3 1 2 5 6 4
5 2 1 4 6 3
5 1 4 2 3 6
5 4 1 3 6 2
1 6 3 2 5 4
3 5 4 6 1 2
2 4 6 5 1 3
5 3 6 1 4 2
6 4 2 1 5 3
4 5 2 1 6 3
1 6 5 2 4 3
6 3 2 1 4 5
4 1 6 2 3 5
4 5 1 2 3 6
2 3 1 6 4 5
4 3 5 2 6 1
4 5 2 6 3 1
6 2 3 5 1 4
1 4 3 2 5 6
5 6 1 2 3 4
4 5 2 3 1 6
2 4 5 3 1 6
2 5 6 4 1 3
2 6 1 5 3 4
4 3 2 6 5 1
6 4 1 3 2 5
3 1 5 2 6 4
3 5 1 4 2 6
3 4 5 2 6 1
2 4 5 3 6 1
3 5 2 6 1 4
3 5 2 1 4 6
3 5 4 1 6 2
2 5 1 3 6 4
2 3 6 5 4 1
2 3 6 1 5 4
4 5 6 3 2 1
3 4 6 2 5 1
4 6 5 1 2 3
6 4 1 5 3 2
5 6 2 3 4 1
6 3 4 1 5 2
4 6 5 3 2 1
6 2 3 4 5 1
1 6 3 2 4 5
6 5 2 3 4 1
1 4 6 2 3 5
6 2 5 4 3 1
6 5 3 1 2 4
6 3 4 1 2 5
6 4 1 2 5 3
6 1 5 4 3 2
4 2 3 6 5 1
1 3 2 6 5 4
5 1 3 6 4 2
5 6 2 3 1 4
6 2 3 4 5 1
5 2 3 6 4 1
4 2 1 5 3 6
4 6 2 1 3 5
4 1 3 2 5 6
5 3 4 6 1 2
1 3 5 2 6 4
6 1 3 5 2 4
2 6 1 3 4 5
6 2 5 4 3 1
6 5 4 1 2 3
2 6 4 3 1 5
3 2 5 4 1 6
3 6 2 1 5 4
3 5 4 1 2 6
1 4 6 3 2 5
1 5 2 3 6 4
3 5 2 4 6 1
3 2 5 6 4 1
5 2 6 4 1 3
4 1 3 5 6 2
1 4 5 2 3 6
3 4 1 2 5 6
2 6 1 4 5 3
4 2 5 1 3 6
6 1 5 4 2 3
1 4 5 6 2 3
6 4 3 2 1 5
3 6 5 2 1 4
5 3 6 1 2 4
4 5 3 6 1 2
5 6 3 2 4 1
5 6 3 2 4 1
3 5 4 1 6 2
3 1 6 4 2 5
3 4 2 6 1 5
2 1 4 6 3 5
5 1 2 3 6 4
4 1 5 6 3 2
2 6 4 5 1 3
1 5 4 6 3 2
6 5 1 4 2 3
2 5 3 1 6 4
1 6 3 2 5 4
6 4 5 2 1 3
2 3 5 1 6 4
6 5 1 3 4 2
1 4 5 6 2 3
4 3 1 5 2 6
3 4 5 6 2 1
5 6 4 1 3 2
3 5 6 2 4 1
5 4 6 3 2 1
2 5 3 1 6 4
6 4 3 5 1 2
2 4 1 6 5 3
5 2 3 1 4 6
2 6 4 3 5 1
5 6 1 2 4 3
5 4 3 2 6 1
1 2 5 6 3 4
5 2 4 6 3 1
4 6 5 2 3 1
5 2 1 6 3 4
6 1 3 2 4 5
2 1 5 4 3 6
2 4 5 1 6 3
5 1 3 6 2 4
2 3 6 4 5 1
5 4 3 1 6 2
4 3 2 6 5 1
5 3 6 2 1 4
5 3 4 2 1 6
2 3 5 1 4 6
2 6 4 3 1 5
5 3 4 2 6 1
5 2 3 6 1 4
3 4 6 1 2 5
5 3 1 6 4 2
2 1 3 5 6 4
2 1 4 3 5 6
3 4 6 2 1 5
5 4 6 3 1 2
5 4 1 2 6 3
4 6 5 1 2 3

20
Ronald Reagan
Rutherford B. Hayes
James Madison
Gerald R. Ford
Andrew Johnson
William McKinley
Martin Van Buren
Ulysses S. Grant
James Buchanan
Franklin Pierce
Andrew Jackson
Abraham Lincoln
Ulysses S. Grant
James Monroe
James K. Polk
Franklin D. Roosevelt
Woodrow Wilson
Herbert Hoover
Dwight D. Eisenhower
Chester A. Arthur
19 20 12 8 15 17 2 1 3 5 9 10 18 6 16 11 13 14 4 7
16 11 2 19 14 12 6 17 8 15 20 3 10 5 9 7 1 4 13 18
10 1 15 20 18 8 16 11 7 13 2 17 9 4 6 19 14 12 5 3
14 10 12 9 1 19 3 2 13 6 18 20 16 5 11 17 4 7 8 15
7 2 10 9 14 16 3 8 18 12 1 19 20 15 6 13 4 11 5 17
13 6 10 4 16 20 1 8 9 12 3 18 5 11 15 17 7 2 14 19
18 13 19 1 7 12 15 8 17 5 20 2 4 11 16 6 9 10 3 14
5 19 9 7 17 14 16 11 20 10 18 13 8 6 1 12 2 4 3 15
7 3 11 16 1 19 18 15 17 6 20 2 13 10 9 8 12 5 4 14
1 15 12 7 4 10 3 11 5 6 17 16 20 13 2 19 8 18 14 9
3 10 8 16 7 1 17 12 9 20 4 6 14 2 15 18 5 11 19 13
15 17 18 2 7 4 10 1 14 13 9 11 3 12 8 6 5 20 19 16
17 14 1 7 16 19 11 18 5 15 8 4 13 6 2 12 3 20 9 10
10 2 4 16 13 1 9 11 8 6 14 17 12 7 3 19 5 15 18 20
16 18 2 20 1 17 19 10 12 11 4 9 8 6 3 14 5 7 15 13
10 1 9 2 16 4 8 6 12 11 3 14 20 13 15 5 19 18 17 7
2 14 9 15 20 16 7 13 8 18 5 11 6 1 19 4 3 10 17 12
12 7 17 10 15 8 14 9 3 18 19 2 16 4 13 5 11 20 6 1
12 2 1 13 6 9 8 10 5 7 4 19 14 17 11 16 3 15 20 18
1 2 14 20 13 10 15 3 4 16 17 8 18 6 12 11 9 7 5 19
9 5 10 12 13 11 1 4 7 6 15 18 20 8 3 19 14 17 16 2
4 15 11 14 12 9 2 16 8 5 13 10 1 3 6 19 18 7 20 17
15 8 20 7 3 11 5 18 4 10 6 2 19 14 9 13 1 16 17 12
7 12 2 10 15 1 19 18 9 3 8 5 11 14 17 4 6 16 20 13
19 4 15 13 16 11 1 17 8 14 9 6 12 18 3 5 7 10 2 20
20 8 11 9 4 18 2 17 6 19 15 14 12 1 3 10 13 16 7 5
5 2 18 17 8 6 12 3 4 11 7 13 20 14 10 15 9 16 1 19
2 9 1 14 5 11 18 19 12 3 4 7 16 20 13 10 15 17 6 8
8 17 9 20 19 7 1 14 15 6 3 5 13 2 12 4 10 16 18 11
19 12 10 15 1 2 11 13 8 7 20 17 9 3 16 5 18 6 14 4
3 19 8 11 13 14 17 15 9 18 6 10 1 16 2 12 5 20 7 4
10 11 12 17 8 5 9 6 7 2 3 13 20 15 4 19 1 18 14 16
6 9 11 13 8 18 12 5 15 19 20 10 1 16 14 3 17 4 2 7
5 16 6 14 17 3 7 19 13 18 10 11 9 2 12 8 1 20 4 15
2 16 1 9 11 12 5 13 6 3 20 8 19 15 4 14 10 7 17 18
11 7 20 3 9 10 15 17 12 1 6 13 8 16 2 4 5 14 18 19
3 13 8 5 1 12 18 4 10 11 15 16 17 19 6 7 9 20 2 14
12 3 11 8 1 16 17 6 18 13 19 4 2 15 14 9 7 20 5 10
8 15 4 13 9 6 3 5 16 11 2 18 7 14 10 12 20 17 19 1
1 8 12 2 11 16 4 20 3 9 13 15 6 7 5 17 18 14 10 19
17 12 7 20 16 18 15 9 4 3 13 14 6 11 2 1 10 19 8 5
17 14 20 15 2 4 10 19 3 16 8 6 7 5 9 12 18 1 13 11
2 5 11 9 13 17 10 18 16 14 20 15 19 1 12 4 8 7 6 3
16 4 10 9 3 19 11 17 6 14 2 5 18 7 12 1 8 13 20 15
18 14 20 17 11 6 13 7 19 16 4 8 15 10 3 9 12 1 2 5
12 7 15 9 11 13 2 1 4 3 20 8 14 17 18 6 19 5 10 16
5 9 8 2 7 17 19 14 20 13 6 1 16 3 15 10 4 18 12 11
11 19 7 20 8 14 13 9 10 17 15 3 12 18 1 4 2 16 5 6
9 4 16 20 19 13 10 14 11 18 6 2 5 15 12 3 8 7 1 17
14 20 5 17 11 12 10 15 9 19 7 16 13 8 4 6 1 18 3 2
4 6 3 20 9 7 15 12 10 19 17 5 11 14 18 2 1 13 16 8
11 10 9 3 7 14 19 15 6 18 12 20 13 4 8 16 1 17 2 5
12 19 2 9 4 16 5 1 11 13 3 17 10 18 7 20 6 8 14 15
15 3 5 16 20 11 9 12 2 8 18 10 7 17 14 1 19 6 4 13
6 11 16 10 15 19 9 7 13 18 3 1 5 17 4 14 8 20 2 12
13 16 17 2 1 20 14 3 19 15 11 12 4 10 7 9 5 6 18 8
7 16 8 12 4 20 13 5 11 6 15 10 2 19 1 18 3 9 17 14
7 1 6 10 18 8 11 4 16 13 14 9 15 12 3 2 5 19 20 17
16 17 6 2 7 3 10 4 8 12 20 13 18 5 1 15 19 11 9 14
10 3 17 16 5 6 8 2 7 11 20 12 13 1 18 19 14 4 9 15
19 14 16 20 5 1 2 12 7 8 6 15 11 17 10 9 18 13 4 3
8 15 10 19 14 1 6 7 18 20 3 11 12 16 9 4 13 2 5 17
12 8 20 5 10 18 1 9 11 17 2 19 13 6 4 16 3 15 7 14
5 9 12 1 2 17 16 4 11 15 20 19 14 8 3 18 13 10 7 6
13 6 9 1 16 15 12 19 18 14 8 7 11 3 2 10 4 17 20 5
16 12 14 13 1 11 10 8 3 7 9 19 20 5 4 17 15 6 2 18
7 3 14 17 6 12 13 18 10 5 1 16 9 2 15 11 19 20 4 8
11 17 19 3 13 8 9 10 20 12 6 16 14 15 18 2 1 5 4 7
7 3 12 10 4 17 9 19 2 11 13 15 16 6 5 1 14 18 20 8
14 20 19 9 11 3 16 7 18 2 15 10 13 4 1 5 17 8 12 6
16 10 11 5 12 2 13 8 19 15 3 9 20 6 4 7 1 14 18 17
14 13 2 4 9 11 3 10 16 6 17 15 20 5 8 19 7 12 18 1
15 1 20 18 17 16 13 9 11 4 10 8 12 14 7 5 6 19 3 2
2 10 7 1 15 6 11 12 13 19 16 5 20 9 3 14 4 18 8 17
4 10 8 19 20 18 16 11 12 1 7 13 6 5 3 17 14 9 2 15
9 18 2 5 16 10 19 13 20 1 12 15 7 11 6 3 4 17 8 14
18 7 17 16 13 5 19 2 9 6 4 8 11 3 12 10 14 1 20 15
18 17 7 20 1 10 14 16 19 12 2 13 15 8 11 3 4 6 5 9
12 14 8 17 1 13 18 9 10 15 3 20 4 5 11 6 19 2 16 7
16 11 12 20 13 8 5 15 17 19 6 7 3 2 4 10 18 9 1 14
18 9 10 20 8 12 5 15 13 16 19 7 2 11 4 3 17 1 6 14
3 1 14 20 16 13 6 15 8 12 2 4 19 11 10 17 9 5 18 7
10 17 3 18 1 7 16 14 9 15 6 13 8 11 12 4 20 19 5 2
19 9 2 17 3 11 4 15 12 1 8 18 6 20 14 5 16 13 7 10
12 16 7 9 17 6 3 19 8 15 14 10 1 13 18 5 4 2 11 20
12 7 10 3 17 19 1 4 6 2 13 16 15 20 11 8 5 9 14 18
10 6 3 20 9 19 12 14 15 4 16 1 5 18 17 2 11 13 8 7
7 19 10 4 18 2 3 5 11 15 9 14 6 1 16 12 17 8 13 20
3 12 18 8 7 17 16 13 19 1 6 2 4 9 10 15 5 11 20 14
16 4 11 8 6 13 9 15 1 2 14 12 18 3 19 5 20 17 10 7
17 9 18 14 5 8 7 3 6 15 12 13 20 19 4 2 16 10 11 1
9 4 15 17 19 2 12 14 20 13 10 16 11 7 5 18 8 3 1 6
15 2 19 3 14 9 7 6 20 10 18 1 17 16 11 5 4 8 13 12
2 9 8 16 10 17 13 14 15 19 12 6 20 5 11 3 18 4 7 1
19 7 14 9 8 15 11 12 3 18 10 2 5 20 4 13 1 6 17 16
14 18 6 7 9 15 2 19 17 1 11 3 12 4 10 20 5 8 13 16
20 8 10 16 1 4 5 19 2 13 17 15 18 6 7 14 9 3 12 11
18 4 2 3 11 10 6 16 8 17 9 19 15 13 7 12 20 5 14 1
5 17 14 20 16 1 3 9 2 15 19 11 7 10 4 8 12 13 6 18
19 11 8 5 13 12 3 17 1 2 20 4 15 18 9 7 16 6 14 10
10 17 16 14 4 3 9 5 18 1 20 11 15 19 13 7 12 2 8 6
10 16 15 5 8 4 19 6 2 9 7 17 13 18 1 11 14 12 3 20
10 11 18 14 5 2 1 3 16 6 7 8 19 13 15 4 20 9 17 12
18 9 6 20 4 5 8 19 15 3 12 14 1 11 2 17 7 13 16 10
6 2 1 15 3 16 11 20 9 7 12 18 19 17 14 10 8 5 13 4
20 2 1 4 16 6 17 10 19 14 3 9 5 13 18 7 15 11 8 12
16 13 12 10 2 19 5 20 15 14 17 18 8 6 7 1 11 4 3 9
2 8 16 1 12 17 11 20 6 13 14 3 10 15 4 5 9 7 19 18
11 7 12 4 13 18 3 16 1 5 9 6 19 17 20 14 10 8 15 2
3 19 2 14 18 13 4 17 12 9 1 5 15 7 16 6 20 11 8 10
7 10 17 11 3 20 4 9 5 13 6 1 8 15 19 18 2 16 14 12
18 7 10 6 9 8 13 17 20 3 4 15 16 11 1 2 12 5 14 19
13 16 1 14 4 9 20 7 2 11 18 6 8 3 10 15 19 5 17 12
8 12 2 5 13 7 18 17 3 14 20 9 4 11 16 6 10 15 19 1
19 20 16 5 10 1 6 9 4 17 8 18 3 7 11 14 13 2 12 15
16 2 17 4 7 18 19 14 11 13 20 3 8 5 15 10 6 1 12 9
7 11 5 9 3 18 13 10 14 20 2 16 4 6 12 1 8 15 19 17
17 5 1 14 13 7 9 15 10 20 11 12 18 16 8 4 3 2 19 6
20 10 5 14 15 6 8 7 2 11 12 16 3 18 19 9 17 4 1 13
17 3 13 19 11 16 15 1 7 14 8 9 12 2 6 18 10 20 5 4
19 8 7 10 13 6 3 16 4 20 17 9 1 14 15 5 2 11 12 18
9 11 19 8 7 2 17 18 6 14 13 12 10 15 3 4 20 1 16 5
1 17 2 20 7 8 11 6 3 4 13 18 12 19 14 16 5 10 15 9
1 13 4 5 16 11 3 6 8 2 9 12 19 20 14 7 10 17 15 18
5 17 20 16 14 8 12 1 9 6 13 18 3 11 4 7 15 2 19 10
11 12 7 6 8 16 5 20 15 13 19 9 2 18 1 17 14 4 3 10
3 15 19 4 12 18 16 17 13 7 5 9 10 6 11 14 20 2 1 8
20 5 8 4 10 1 7 15 16 9 17 12 13 14 2 19 6 18 3 11
20 1 13 16 10 19 18 7 15 4 5 2 3 6 14 17 12 11 8 9
5 4 20 19 13 17 6 15 1 7 18 8 16 12 14 2 11 10 9 3
9 3 17 10 8 18 15 16 13 5 1 12 4 6 14 2 11 19 7 20
8 13 16 15 2 20 1 10 11 14 19 6 12 7 3 9 4 18 5 17
15 9 3 5 13 19 12 11 6 18 10 17 7 4 14 16 1 2 8 20
3 2 18 17 9 4 12 6 14 1 16 8 7 11 19 13 10 20 5 15
6 19 17 20 1 8 4 2 18 13 3 5 16 14 9 15 10 11 12 7
8 3 20 14 2 1 17 16 9 19 11 13 18 10 4 6 5 7 12 15
14 5 18 7 2 19 11 3 20 16 8 4 9 1 15 10 12 13 6 17
3 19 14 7 5 15 18 12 6 10 13 1 9 17 2 4 20 11 8 16
9 13 18 5 20 3 2 15 14 6 17 1 11 10 4 19 7 8 16 12
7 19 2 13 14 5 17 4 11 16 15 20 12 18 1 8 3 6 9 10
4 16 8 1 13 3 10 17 2 19 7 11 20 6 18 12 15 9 14 5
7 16 1 10 9 12 13 3 4 14 2 17 6 15 11 8 19 18 20 5
14 10 9 18 19 2 8 5 20 11 4 15 1 6 17 12 13 3 7 16
11 17 13 12 1 10 14 16 19 2 15 4 8 6 9 5 7 3 20 18
15 13 20 4 2 3 7 14 19 17 12 8 10 16 18 5 6 11 1 9
13 7 12 14 17 10 2 6 16 20 9 4 3 8 15 11 5 1 19 18
13 11 9 7 18 2 5 14 8 15 16 17 1 3 6 10 20 4 12 19
5 6 20 1 3 14 19 13 9 4 11 8 18 12 15 17 2 16 10 7
14 13 20 18 15 10 3 2 17 5 12 9 4 11 6 1 8 19 16 7
7 12 13 9 5 14 11 19 2 6 10 18 4 20 15 3 8 1 16 17
18 11 14 12 15 10 4 16 3 19 7 1 13 20 6 8 5 2 17 9
12 19 5 14 1 20 9 16 17 4 7 15 11 13 8 18 10 6 3 2
5 7 3 6 12 14 2 1 17 11 4 10 18 20 15 8 9 16 13 19
2 6 11 7 12 5 10 8 16 3 9 18 15 19 1 14 13 17 4 20
3 9 16 13 20 5 8 11 18 1 2 7 19 14 4 10 12 6 15 17
9 14 6 8 4 19 10 13 3 11 16 1 15 12 20 7 2 5 18 17
14 7 15 9 5 20 2 1 3 13 18 16 12 10 11 8 4 6 19 17
9 1 19 13 11 6 10 8 20 14 2 15 5 12 18 3 16 17 7 4
18 13 1 11 12 17 2 19 4 5 8 7 9 3 20 15 16 6 10 14
10 20 13 19 5 17 18 11 16 14 2 9 7 12 4 6 8 15 3 1
12 2 1 8 4 15 7 13 14 19 18 6 11 20 10 17 3 16 5 9
8 3 5 17 18 11 1 15 7 4 14 10 9 19 6 12 20 2 16 13
5 8 14 6 11 13 1 17 9 2 19 16 20 10 3 4 12 18 7 15
17 7 14 6 5 19 12 11 2 9 13 8 20 4 3 18 16 1 15 10
19 6 8 16 13 17 15 1 20 5 10 14 12 7 4 11 2 9 18 3
3 19 15 7 4 1 12 14 8 10 17 6 13 9 16 5 18 11 2 20
18 20 11 6 9 1 8 19 17 5 14 4 7 12 16 2 3 10 13 15
12 19 9 14 7 1 6 8 15 11 5 17 2 13 20 3 10 16 4 18
3 16 14 6 15 5 10 13 2 9 8 7 17 4 18 20 1 19 11 12
3 14 18 1 13 17 4 11 2 9 8 15 19 16 10 6 20 12 5 7
10 12 3 19 6 11 5 8 13 1 4 14 15 16 9 18 7 17 20 2
10 8 1 15 4 13 3 20 18 14 19 9 5 12 11 2 17 16 6 7
17 12 14 7 2 3 15 13 4 19 1 6 5 10 20 16 18 11 9 8
18 12 10 13 20 19 11 2 3 14 4 7 9 6 8 15 1 5 17 16
17 18 11 5 8 1 12 19 15 14 10 20 6 2 4 16 7 13 3 9
7 10 19 2 15 14 9 18 20 6 8 17 13 3 5 11 12 4 1 16
1 2 13 15 3 16 14 18 11 17 20 6 4 7 8 5 10 9 12 19
9 13 14 20 1 19 15 3 7 12 2 11 10 4 16 18 17 8 5 6
20 10 4 5 1 6 16 11 19 14 8 3 17 15 18 9 12 2 13 7
5 10 20 7 14 3 19 8 15 9 16 12 17 2 11 4 1 18 6 13
3 4 9 16 15 20 19 1 6 8 7 11 17 14 5 12 10 2 13 18
16 13 18 6 12 11 3 10 4 7 19 8 5 15 20 1 17 9 14 2
1 8 4 7 9 14 19 18 5 12 17 13 6 20 10 15 16 2 11 3
8 16 4 5 15 2 12 17 9 3 10 6 7 1 13 14 18 19 11 20
7 17 9 14 19 10 15 18 20 13 8 12 11 5 2 4 1 3 16 6
10 19 18 4 14 13 8 6 2 1 20 9 3 15 11 12 16 17 7 5
15 14 18 5 2 9 4 3 20 1 16 12 11 10 7 8 19 17 6 13
17 4 9 14 10 19 7 3 5 8 11 20 13 1 2 6 18 12 15 16
11 1 5 10 20 14 9 8 12 6 19 3 7 17 15 2 18 16 4 13
6 4 3 12 2 1 10 14 16 13 18 9 7 11 5 19 20 8 15 17
7 1 18 12 9 17 14 11 15 8 6 5 10 4 13 3 20 16 19 2
17 5 7 18 16 14 12 1 8 9 19 11 6 20 15 13 3 10 2 4
14 20 17 18 1 3 10 7 2 9 5 4 6 19 13 15 16 12 8 11
12 10 13 8 7 5 14 18 1 2 15 4 20 3 9 11 6 17 19 16
4 3 17 19 5 9 10 6 15 1 8 14 12 7 13 11 2 16 20 18
16 2 7 1 19 10 17 4 15 3 8 20 11 13 18 9 6 14 5 12
17 11 14 5 7 3 4 10 9 19 16 6 1 12 13 2 20 18 8 15
9 13 15 8 5 1 7 19 10 6 18 3 16 14 11 12 20 17 4 2
13 16 5 14 20 1 18 4 12 2 17 9 8 19 6 15 3 11 7 10
8 18 1 7 16 6 14 4 13 11 5 19 12 20 15 10 3 17 2 9
17 16 15 19 6 2 9 3 11 13 14 8 12 7 20 5 4 10 18 1
14 15 1 9 19 8 10 7 4 12 20 17 11 2 16 13 3 6 18 5
9 15 13 19 6 5 3 16 1 20 14 8 17 7 10 2 18 4 12 11
7 3 11 17 2 20 12 14 4 8 10 15 9 16 1 5 13 18 19 6
9 5 12 19 14 13 1 3 15 10 17 4 11 20 6 18 8 16 2 7
17 3 14 10 13 1 8 15 7 2 11 20 4 6 19 18 9 12 5 16
19 18 4 8 12 7 3 11 15 10 14 1 2 17 5 20 13 6 9 16
20 18 15 10 9 4 7 13 19 11 12 5 16 14 17 1 6 8 2 3
13 9 1 3 18 6 17 11 8 14 10 7 12 2 4 19 16 15 20 5
5 6 20 2 15 13 16 4 12 3 17 8 9 1 19 11 10 7 18 14
7 19 18 13 11 2 20 14 4 5 12 8 15 16 9 17 3 1 10 6
17 5 1 15 7 10 6 3 12 11 9 2 16 18 19 8 4 14 13 20
3 5 19 6 4 12 13 8 15 10 11 1 7 14 2 9 18 20 17 16
11 7 9 12 2 13 3 18 19 17 10 8 20 14 15 4 1 6 16 5
16 5 7 12 14 19 8 10 4 20 2 17 13 3 9 18 15 6 11 1
18 12 8 19 14 15 5 6 10 17 7 2 4 20 9 13 1 11 3 16
12 2 8 19 20 18 9 3 7 16 14 1 4 15 13 10 5 17 11 6
13 11 10 2 12 15 20 9 7 14 17 1 6 19 5 18 8 3 16 4
9 18 2 5 7 15 1 17 16 11 14 12 19 13 8 6 3 10 4 20
13 20 3 9 7 10 6 17 15 14 5 12 18 8 11 4 1 19 16 2
7 9 11 8 17 2 1 20 15 16 13 12 19 18 14 4 3 10 6 5
1 9 15 8 16 7 2 12 11 18 20 4 19 14 13 6 10 5 17 3
12 9 13 15 11 5 8 1 17 10 16 14 20 19 18 3 2 4 7 6
4 10 7 13 14 3 12 2 11 19 6 9 16 17 15 8 20 5 1 18
16 20 12 11 19 8 1 10 13 4 6 18 7 2 9 17 14 5 3 15
5 2 4 20 16 11 14 3 8 18 17 9 7 10 15 12 1 13 19 6
3 5 18 6 12 10 2 8 20 19 1 9 14 7 13 4 16 11 17 15
20 2 4 6 13 18 19 3 7 17 11 16 5 1 12 15 14 8 10 9
10 4 1 12 16 8 2 13 15 6 14 11 3 19 18 5 17 9 7 20
10 3 1 12 15 7 4 17 9 2 6 18 20 13 16 11 19 14 5 8
8 17 15 9 19 5 18 11 4 10 7 1 13 2 16 14 6 20 12 3
10 17 3 7 4 1 6 16 12 20 2 5 8 15 11 9 18 14 19 13
4 2 17 5 14 10 19 12 8 3 9 11 1 16 18 13 6 20 7 15
13 12 17 5 4 3 20 8 1 10 9 2 14 7 15 19 16 6 11 18
13 2 19 20 14 6 12 5 1 3 4 7 16 8 17 15 18 10 9 11
18 19 20 2 1 10 12 6 7 16 5 8 15 17 11 13 14 9 3 4
12 5 15 9 16 6 4 10 11 8 17 1 14 7 18 20 19 3 2 13
1 9 16 18 6 11 12 20 17 2 4 7 8 13 14 19 3 10 5 15
1 2 14 7 20 9 10 16 12 19 3 17 5 8 15 4 6 11 13 18
17 9 6 1 2 11 4 8 20 14 3 12 18 5 19 15 16 7 10 13
19 20 6 18 15 17 4 5 10 3 13 14 12 1 2 16 11 8 7 9
10 2 7 6 13 9 18 1 5 14 11 3 8 17 20 16 19 12 4 15
16 1 2 18 6 7 14 20 9 3 4 19 10 12 13 8 17 11 15 5
12 10 17 4 5 9 13 3 6 18 16 19 1 15 7 14 20 11 2 8
12 9 19 10 16 8 17 6 15 5 11 14 1 3 7 2 18 13 4 20
1 20 18 11 10 3 19 8 14 4 9 16 12 13 7 17 6 5 2 15
15 18 1 8 6 19 9 14 11 13 4 10 17 3 2 5 20 7 12 16
5 3 14 8 12 20 18 19 13 9 4 1 17 10 6 16 15 2 11 7
18 1 5 3 10 20 13 19 2 15 4 14 8 7 6 9 12 16 11 17

4
Jane Doe
Tavish DeGroot
Dell Cohnager
Joe Bloe
2 3 4 1
2 4 1 3
3 4 1 2
4 2 1 3
3 4 1 2
2 4 1 3
4 3 1 2
4 1 2 3
3 4 1 1
4 1 3 1
2 4 3 1
2 4 1 3
1 3 4 1
2 4 3 1
1 2 4 3
2 3 4 1
4 1 2 3
1 3 4 1
4 2 3 1
1 4 3 2
4 1 2 3
3 2 4 1
1 4 1 3
4 1 3 2
1 4 2 3
1 2 4 3
1 3 4 2
1 4 3 1
1 3 4 2
3 4 1 1
4 1 3 2
1 4 2 3
1 4 1 3
1 3 4 2
1 2 4 3
1 1 4 3
4 3 1 2
1 4 2 3
4 2 3 1
4 3 2 1
1 2 4 3
1 4 1 3
2 4 3 1
4 3 1 1
4 1 3 1
1 1 4 3
1 3 4 2
1 1 4 3
4 3 1 2
3 1 4 1
2 4 1 3
4 1 1 3
1 1 4 3
3 2 4 1
2 1 4 3
1 4 1 3
3 1 4 2
4 1 3 1
4 3 1 2
2 1 4 3
1 4 1 3
4 1 2 3
4 2 3 1
1 4 1 3
2 4 3 1
4 3 1 1
2 3 4 1
4 3 2 1
4 3 2 1
4 3 1 1

4
Jane Doe
Tavish DeGroot
Dell Cohnager
Joe Bloe
4 3 1 1
2 4 1 3
1 3 4 1
4 1 3 2
4 1 3 2
3 4 1 1
1 3 4 2
4 1 3 2
4 1 1 3
1 1 4 3
4 1 3 2
3 1 4 2
3 4 1 1
1 2 4 3
1 4 3 1
2 4 3 1
4 3 1 1
1 3 4 2
1 4 3 2
3 4 1 1
1 4 3 1
3 1 4 1
1 1 4 3
2 3 4 1
1 4 2 3
4 1 1 3
1 4 1 3
4 2 1 3
2 3 4 1
4 1 3 2
2 3 4 1
4 1 3 1
4 3 1 2

4
Jane Doe
Tavish DeGroot
Dell Cohnager
Joe Bloe
4 2 1 3
4 1 3 1
1 3 4 1
3 1 4 1
1 3 4 1
2 4 3 1
4 1 1 3
2 3 4 1
1 4 1 3
3 4 2 1
4 3 2 1
3 4 2 1
4 2 1 3
4 1 2 3
1 3 4 2
3 4 1 1
4 1 2 3
1 4 3 1
3 4 1 1
1 3 4 2
4 1 3 1
4 2 3 1
4 3 1 1
1 4 1 3
4 3 2 1
4 3 2 1
4 1 2 3
1 4 3 2
1 4 3 2
3 4 2 1
3 1 4 1
3 1 4 1
2 1 4 3
1 2 4 3
4 2 3 1
1 4 3 2
1 4 3 2
4 3 1 2
2 3 4 1
4 2 3 1
1 4 3 2
2 4 3 1
1 1 4 3
1 3 4 1
4 1 1 3
4 3 2 1
1 2 4 3
1 3 4 1
3 2 4 1
3 4 2 1
4 1 3 2
1 1 4 3
3 2 4 1
3 4 2 1
4 3 1 2
3 4 1 2
1 4 1 3
1 3 4 2
1 1 4 3
4 3 1 2
1 4 3 1
3 2 4 1
2 3 4 1
3 1 4 1
4 2 3 1
4 3 2 1
3 1 4 1
2 4 1 3
1 4 3 2
3 4 1 2
4 3 1 1
3 4 1 2
3 1 4 2
4 3 2 1
3 4 1 2
1 1 4 3
4 2 1 3
4 3 2 1
4 1 1 3
4 3 1 2
3 4 2 1
4 3 2 1
1 4 3 2
3 1 4 2
4 1 1 3
4 1 3 2
4 2 1 3

4
Jane Doe
Tavish DeGroot
Dell Cohnager
Joe Bloe
4 1 2 3
3 4 2 1
3 1 4 2
4 3 2 1
3 4 2 1
4 1 1 3
4 2 3 1
3 1 4 1
3 1 4 1
3 1 4 2
1 3 4 2
1 1 4 3
4 1 3 2
4 2 3 1
2 4 1 3
1 1 4 3
4 3 1 2
1 4 2 3
2 1 4 3
4 1 3 2
4 3 2 1
3 1 4 1
1 4 3 1
4 1 1 3
4 3 1 2
4 3 1 1
4 1 3 1
4 3 2 1
4 1 3 1
1 1 4 3
3 2 4 1
3 1 4 2
3 2 4 1
2 4 1 3
3 1 4 2
4 1 3 1
3 2 4 1
4 2 3 1
1 4 2 3
1 4 3 1
1 3 4 2
4 1 2 3
4 1 3 2
2 1 4 3
3 4 1 1
4 1 1 3
3 4 2 1
2 4 3 1
4 3 2 1
3 4 1 1
4 3 1 2
4 1 2 3
3 1 4 2
1 4 2 3
1 3 4 2
2 3 4 1
4 1 2 3
2 4 1 3
3 1 4 2
3 4 1 2
1 4 3 1
4 2 1 3
4 3 1 2
4 2 1 3
2 3 4 1
3 4 1 1
1 4 3 1
1 4 3 1
3 4 1 1
1 4 3 1
2 1 4 3
1 2 4 3
4 1 3 2
4 3 2 1
3 2 4 1
4 3 2 1
1 4 1 3
3 4 1 2
3 4 2 1
