7

2
George Bush
Al Gore
1 2
1 2
1 2
1 2
1 2
1 2
2 1
2 1
2 1
2 1
2 1
2 1
2 1
2 1
1 2
1 2
1 2
1 2
1 2
1 2
2 1
2 1
2 1
2 1
2 1
2 1
2 1
2 1
1 2
1 2
1 2
1 2
1 2
1 2
2 1
2 1
2 1
2 1
2 1
2 1
2 1
2 1
1 2
1 2
1 2
1 2
1 2
1 2
2 1
2 1
2 1
2 1
2 1
2 1
2 1
2 1
1 2
1 2
1 2
1 2
1 2
1 2
2 1
2 1
2 1
2 1
2 1
2 1
2 1
2 1
1 2
1 2
1 2
1 2
1 2
1 2
2 1
2 1
2 1
2 1
2 1
2 1
2 1
2 1

2
George Bush
Al Gore
1 2
1 2
1 2
1 2
1 2
1 2
1 2
1 2
2 1
2 1
2 1
2 1
2 1
2 1
2 1
2 1
1 2
1 2
1 2
1 2
1 2
1 2
1 2
1 2
2 1
2 1
2 1
2 1
2 1
2 1
2 1
2 1
1 2
1 2
1 2
1 2
1 2
1 2
1 2
1 2
2 1
2 1
2 1
2 1
2 1
2 1
2 1
2 1
1 2
1 2
1 2
1 2
1 2
1 2
1 2
1 2
2 1
2 1
2 1
2 1
2 1
2 1
2 1
2 1
1 2
1 2
1 2
1 2
1 2
1 2
1 2
1 2
2 1
2 1
2 1
2 1
2 1
2 1
2 1
2 1

4
Red RRRRR
Green GGGGG
Blue BBBBB
Orange OOOOO
1 2 3 4 
2 1 3 4 
2 3 1 4 
1 2 3 4 
3 4 1 2 
4 3 2 1
1 2 3 4 
2 1 3 4 
2 3 1 4 
1 2 3 4 
3 4 1 2 
4 3 2 1
1 2 3 4 
2 1 3 4 
2 3 1 4 
1 2 3 4 
3 4 1 2 
4 3 2 1
1 2 3 4 
2 1 3 4 
2 3 1 4 
1 2 3 4 
3 4 1 2 
4 3 2 1
1 2 3 4 
2 1 3 4 
2 3 1 4 
1 2 3 4 
3 4 1 2 
4 3 2 1
1 2 3 4 
2 1 3 4 
2 3 1 4 
1 2 3 4 
3 4 1 2 
4 3 2 1
1 2 3 4 
2 1 3 4 
2 3 1 4 
1 2 3 4 
3 4 1 2 
4 3 2 1
1 2 3 4 
2 1 3 4 
2 3 1 4 
1 2 3 4 
3 4 1 2 
4 3 2 1
1 2 3 4 
2 1 3 4 
2 3 1 4 
1 2 3 4 
3 4 1 2 
4 3 2 1
1 2 3 4 
2 1 3 4 
2 3 1 4 
1 2 3 4 
3 4 1 2 
4 3 2 1
1 2 3 4 
2 1 3 4 
2 3 1 4 
1 2 3 4 
3 4 1 2 
4 3 2 1
1 2 3 4 
2 1 3 4 
2 3 1 4 
1 2 3 4 
3 4 1 2 
4 3 2 1
1 2 3 4 
2 1 3 4 
2 3 1 4 
1 2 3 4 
3 4 1 2 
4 3 2 1
1 2 3 4 
2 1 3 4 
2 3 1 4 
1 2 3 4 
3 4 1 2 
4 3 2 1
1 2 3 4 
2 1 3 4 
2 3 1 4 
1 2 3 4 
3 4 1 2 
4 3 2 1
1 2 3 4 
2 1 3 4 
2 3 1 4 
1 2 3 4 
3 4 1 2 
4 3 2 1
1 2 3 4 
2 1 3 4 
2 3 1 4 
1 2 3 4 
3 4 1 2 
4 3 2 1
1 2 3 4 
2 1 3 4 
2 3 1 4 
1 2 3 4 
3 4 1 2 
4 3 2 1
1 2 3 4 
2 1 3 4 
2 3 1 4 
1 2 3 4 
3 4 1 2 
4 3 2 1
1 2 3 4 
2 1 3 4 
2 3 1 4 
1 2 3 4 
3 4 1 2 
4 3 2 1
1 2 3 4 
2 1 3 4 
2 3 1 4 
1 2 3 4 
3 4 1 2 
4 3 2 1
1 2 3 4 
2 1 3 4 
2 3 1 4 
1 2 3 4 
3 4 1 2 
4 3 2 1
1 2 3 4 
2 1 3 4 
2 3 1 4 
1 2 3 4 
3 4 1 2 
4 3 2 1
1 2 3 4 
2 1 3 4 
2 3 1 4 
1 2 3 4 
3 4 1 2 
4 3 2 1
1 2 3 4 
2 1 3 4 
2 3 1 4 
1 2 3 4 
3 4 1 2 
4 3 2 1
1 2 3 4 
2 1 3 4 
2 3 1 4 
1 2 3 4 
3 4 1 2 
4 3 2 1
1 2 3 4 
2 1 3 4 
2 3 1 4 
1 2 3 4 
3 4 1 2 
4 3 2 1
1 2 3 4 
2 1 3 4 
2 3 1 4 
1 2 3 4 
3 4 1 2 
4 3 2 1
1 2 3 4 
2 1 3 4 
2 3 1 4 
1 2 3 4 
3 4 1 2 
4 3 2 1
1 2 3 4 
2 1 3 4 
2 3 1 4 
1 2 3 4 
3 4 1 2 
4 3 2 1

3
George Bush
Al Gore
John McCain
1 2 3
3 2 1 
1 3 2
2 1 3
3 1 2
1 2 3
3 2 1 
1 3 2
2 1 3
3 1 2
1 2 3
3 2 1 
1 3 2
2 1 3
3 1 2
1 2 3
3 2 1 
1 3 2
2 1 3
3 1 2
1 2 3
3 2 1 
1 3 2
2 1 3
3 1 2
1 2 3
3 2 1 
1 3 2
2 1 3
3 1 2
1 2 3
3 2 1 
1 3 2
2 1 3
3 1 2
1 2 3
3 2 1 
1 3 2
2 1 3
3 1 2
1 2 3
3 2 1 
1 3 2
2 1 3
3 1 2
1 2 3
3 2 1 
1 3 2
2 1 3
3 1 2
1 2 3
3 2 1 
1 3 2
2 1 3
3 1 2
1 2 3
3 2 1 
1 3 2
2 1 3
3 1 2
1 2 3
3 2 1 
1 3 2
2 1 3
3 1 2
1 2 3
3 2 1 
1 3 2
2 1 3
3 1 2
1 2 3
3 2 1 
1 3 2
2 1 3
3 1 2
1 2 3
3 2 1 
1 3 2
2 1 3
3 1 2
1 2 3
3 2 1 
1 3 2
2 1 3
3 1 2
1 2 3
3 2 1 
1 3 2
2 1 3
3 1 2
1 2 3
3 2 1 
1 3 2
2 1 3
3 1 2
1 2 3
3 2 1 
1 3 2
2 1 3
3 1 2
1 2 3
3 2 1 
1 3 2
2 1 3
3 1 2
1 2 3
3 2 1 
1 3 2
2 1 3
3 1 2
1 2 3
3 2 1 
1 3 2
2 1 3
3 1 2
1 2 3
3 2 1 
1 3 2
2 1 3
3 1 2
1 2 3
3 2 1 
1 3 2
2 1 3
3 1 2
1 2 3
3 2 1 
1 3 2
2 1 3
3 1 2

3
George Bush
Al Gore
John McCain
1 2 3
2 3 1 
3 1 2
1 2 3
2 3 1 
3 1 2
1 2 3
2 3 1 
3 1 2
1 2 3
2 3 1 
3 1 2
1 2 3
2 3 1 
3 1 2
1 2 3
2 3 1 
3 1 2
1 2 3
2 3 1 
3 1 2
1 2 3
2 3 1 
3 1 2
1 2 3
2 3 1 
3 1 2
1 2 3
2 3 1 
3 1 2
1 2 3
2 3 1 
3 1 2
1 2 3
2 3 1 
3 1 2
1 2 3
2 3 1 
3 1 2
1 2 3
2 3 1 
3 1 2
1 2 3
2 3 1 
3 1 2
1 2 3
2 3 1 
3 1 2
1 2 3
2 3 1 
3 1 2
1 2 3
2 3 1 
3 1 2
1 2 3
2 3 1 
3 1 2
1 2 3
2 3 1 
3 1 2
1 2 3
2 3 1 
3 1 2
1 2 3
2 3 1 
3 1 2
1 2 3
2 3 1 
3 1 2
1 2 3
2 3 1 
3 1 2
1 2 3
2 3 1 
3 1 2
1 2 3
2 3 1 
3 1 2
1 2 3
2 3 1 
3 1 2
1 2 3
2 3 1 
3 1 2
1 2 3
2 3 1 
3 1 2
1 2 3
2 3 1 
3 1 2
1 2 3
2 3 1 
3 1 2
1 2 3
2 3 1 
3 1 2
1 2 3
2 3 1 
3 1 2
1 2 3
2 3 1 
3 1 2
1 2 3
2 3 1 
3 1 2
1 2 3
2 3 1 
3 1 2
1 2 3
2 3 1 
3 1 2
1 2 3
2 3 1 
3 1 2
1 2 3
2 3 1 
3 1 2
1 2 3
2 3 1 
3 1 2

4
Red RRRRR
Green GGGGG
Blue BBBBB
Orange OOOOO
1 2 3 4
1 3 2 4
1 2 4 3 
2 1 3 4
3 1 2 4
4 1 3 2
1 2 3 4
1 3 2 4
1 2 4 3 
2 1 3 4
3 1 2 4
4 1 3 2
1 2 3 4
1 3 2 4
1 2 4 3 
2 1 3 4
3 1 2 4
4 1 3 2
1 2 3 4
1 3 2 4
1 2 4 3 
2 1 3 4
3 1 2 4
4 1 3 2
1 2 3 4
1 3 2 4
1 2 4 3 
2 1 3 4
3 1 2 4
4 1 3 2
1 2 3 4
1 3 2 4
1 2 4 3 
2 1 3 4
3 1 2 4
4 1 3 2
1 2 3 4
1 3 2 4
1 2 4 3 
2 1 3 4
3 1 2 4
4 1 3 2
1 2 3 4
1 3 2 4
1 2 4 3 
2 1 3 4
3 1 2 4
4 1 3 2
1 2 3 4
1 3 2 4
1 2 4 3 
2 1 3 4
3 1 2 4
4 1 3 2
1 2 3 4
1 3 2 4
1 2 4 3 
2 1 3 4
3 1 2 4
4 1 3 2
1 2 3 4
1 3 2 4
1 2 4 3 
2 1 3 4
3 1 2 4
4 1 3 2
1 2 3 4
1 3 2 4
1 2 4 3 
2 1 3 4
3 1 2 4
4 1 3 2
1 2 3 4
1 3 2 4
1 2 4 3 
2 1 3 4
3 1 2 4
4 1 3 2
1 2 3 4
1 3 2 4
1 2 4 3 
2 1 3 4
3 1 2 4
4 1 3 2
1 2 3 4
1 3 2 4
1 2 4 3 
2 1 3 4
3 1 2 4
4 1 3 2
1 2 3 4
1 3 2 4
1 2 4 3 
2 1 3 4
3 1 2 4
4 1 3 2
1 2 3 4
1 3 2 4
1 2 4 3 
2 1 3 4
3 1 2 4
4 1 3 2
1 2 3 4
1 3 2 4
1 2 4 3 
2 1 3 4
3 1 2 4
4 1 3 2
1 2 3 4
1 3 2 4
1 2 4 3 
2 1 3 4
3 1 2 4
4 1 3 2
1 2 3 4
1 3 2 4
1 2 4 3 
2 1 3 4
3 1 2 4
4 1 3 2
1 2 3 4
1 3 2 4
1 2 4 3 
2 1 3 4
3 1 2 4
4 1 3 2
1 2 3 4
1 3 2 4
1 2 4 3 
2 1 3 4
3 1 2 4
4 1 3 2
1 2 3 4
1 3 2 4
1 2 4 3 
2 1 3 4
3 1 2 4
4 1 3 2
1 2 3 4
1 3 2 4
1 2 4 3 
2 1 3 4
3 1 2 4
4 1 3 2
1 2 3 4
1 3 2 4
1 2 4 3 
2 1 3 4
3 1 2 4
4 1 3 2
1 2 3 4
1 3 2 4
1 2 4 3 
2 1 3 4
3 1 2 4
4 1 3 2
1 2 3 4
1 3 2 4
1 2 4 3 
2 1 3 4
3 1 2 4
4 1 3 2
1 2 3 4
1 3 2 4
1 2 4 3 
2 1 3 4
3 1 2 4
4 1 3 2
1 2 3 4
1 3 2 4
1 2 4 3 
2 1 3 4
3 1 2 4
4 1 3 2
1 2 3 4
1 3 2 4
1 2 4 3 
2 1 3 4
3 1 2 4
4 1 3 2
1 2 3 4
1 3 2 4
1 2 4 3 
2 1 3 4
3 1 2 4
4 1 3 2
1 2 3 4
1 3 2 4
1 2 4 3 
2 1 3 4
3 1 2 4
4 1 3 2

4
Red RRRRR
Green GGGGG
Blue BBBBB
Orange OOOOO
2 1 3 4
2 3 1 4
2 1 4 3 
2 1 3 4
3 1 2 4
4 1 3 2
2 1 3 4
2 3 1 4
2 1 4 3 
2 1 3 4
3 1 2 4
4 1 3 2
2 1 3 4
2 3 1 4
2 1 4 3 
2 1 3 4
3 1 2 4
4 1 3 2
2 1 3 4
2 3 1 4
2 1 4 3 
2 1 3 4
3 1 2 4
4 1 3 2
2 1 3 4
2 3 1 4
2 1 4 3 
2 1 3 4
3 1 2 4
4 1 3 2
2 1 3 4
2 3 1 4
2 1 4 3 
2 1 3 4
3 1 2 4
4 1 3 2
2 1 3 4
2 3 1 4
2 1 4 3 
2 1 3 4
3 1 2 4
4 1 3 2
2 1 3 4
2 3 1 4
2 1 4 3 
2 1 3 4
3 1 2 4
4 1 3 2
2 1 3 4
2 3 1 4
2 1 4 3 
2 1 3 4
3 1 2 4
4 1 3 2
2 1 3 4
2 3 1 4
2 1 4 3 
2 1 3 4
3 1 2 4
4 1 3 2
2 1 3 4
2 3 1 4
2 1 4 3 
2 1 3 4
3 1 2 4
4 1 3 2
2 1 3 4
2 3 1 4
2 1 4 3 
2 1 3 4
3 1 2 4
4 1 3 2
2 1 3 4
2 3 1 4
2 1 4 3 
2 1 3 4
3 1 2 4
4 1 3 2
2 1 3 4
2 3 1 4
2 1 4 3 
2 1 3 4
3 1 2 4
4 1 3 2
2 1 3 4
2 3 1 4
2 1 4 3 
2 1 3 4
3 1 2 4
4 1 3 2
2 1 3 4
2 3 1 4
2 1 4 3 
2 1 3 4
3 1 2 4
4 1 3 2
2 1 3 4
2 3 1 4
2 1 4 3 
2 1 3 4
3 1 2 4
4 1 3 2
2 1 3 4
2 3 1 4
2 1 4 3 
2 1 3 4
3 1 2 4
4 1 3 2
2 1 3 4
2 3 1 4
2 1 4 3 
2 1 3 4
3 1 2 4
4 1 3 2
2 1 3 4
2 3 1 4
2 1 4 3 
2 1 3 4
3 1 2 4
4 1 3 2
2 1 3 4
2 3 1 4
2 1 4 3 
2 1 3 4
3 1 2 4
4 1 3 2
2 1 3 4
2 3 1 4
2 1 4 3 
2 1 3 4
3 1 2 4
4 1 3 2
2 1 3 4
2 3 1 4
2 1 4 3 
2 1 3 4
3 1 2 4
4 1 3 2
2 1 3 4
2 3 1 4
2 1 4 3 
2 1 3 4
3 1 2 4
4 1 3 2
2 1 3 4
2 3 1 4
2 1 4 3 
2 1 3 4
3 1 2 4
4 1 3 2
2 1 3 4
2 3 1 4
2 1 4 3 
2 1 3 4
3 1 2 4
4 1 3 2
2 1 3 4
2 3 1 4
2 1 4 3 
2 1 3 4
3 1 2 4
4 1 3 2
2 1 3 4
2 3 1 4
2 1 4 3 
2 1 3 4
3 1 2 4
4 1 3 2
2 1 3 4
2 3 1 4
2 1 4 3 
2 1 3 4
3 1 2 4
4 1 3 2
2 1 3 4
2 3 1 4
2 1 4 3 
2 1 3 4
3 1 2 4
4 1 3 2
