5

4
Bob Bob
Susan Susan
Joe Joe
fdafdafda
1 2 3 4
2 3 4 1

1
Bob
1

3
A
B
C
1 2 3
2 3 1
1 2 3
2 3 1
3 2 1

3
A
B
C
1
2
3

9
Bob1
Bob2
Bob3
Bob4
Bob5
Bob6
Bob7
Bob8
Bob9
2 3 4 5 6 7 8 9 1
2 3 4 5 6 7 8 9 1
2 5 6 7 8 9 1 3 4
2 3 4 5 6 7 8 9 1
2 3 4 5 6 7 8 9 1
2 5 6 7 8 9 1 3 4
2 3 4 5 6 7 8 9 1
2 5 6 7 8 9 1 3 4
2 3 4 5 6 7 8 9 1
2 5 6 7 8 9 1 3 4
2 9 8 7 6 5 4 3 1
2 3 4 5 6 7 8 9 1
2 3 4 5 6 7 8 9 1
2 5 6 7 8 9 1 3 4
2 3 4 5 6 7 8 9 1
2 3 4 5 6 7 8 9 1
2 5 6 7 8 9 1 3 4
2 3 4 5 6 7 8 9 1
2 5 6 7 8 9 1 3 4
2 3 4 5 6 7 8 9 1
2 5 6 7 8 9 1 3 4
2 9 8 7 6 5 4 3 1
2 3 4 5 6 7 8 9 1
2 3 4 5 6 7 8 9 1
2 5 6 7 8 9 1 3 4
2 3 4 5 6 7 8 9 1
2 3 4 5 6 7 8 9 1
2 5 6 7 8 9 1 3 4
2 3 4 5 6 7 8 9 1
2 5 6 7 8 9 1 3 4
2 3 4 5 6 7 8 9 1
2 5 6 7 8 9 1 3 4
2 9 8 7 6 5 4 3 1
2 3 4 5 6 7 8 9 1
2 3 4 5 6 7 8 9 1
2 5 6 7 8 9 1 3 4
2 3 4 5 6 7 8 9 1
2 3 4 5 6 7 8 9 1
2 5 6 7 8 9 1 3 4
2 3 4 5 6 7 8 9 1
2 5 6 7 8 9 1 3 4
2 3 4 5 6 7 8 9 1
2 5 6 7 8 9 1 3 4
2 9 8 7 6 5 4 3 1
2 3 4 5 6 7 8 9 1
2 3 4 5 6 7 8 9 1
2 5 6 7 8 9 1 3 4
2 3 4 5 6 7 8 9 1
2 3 4 5 6 7 8 9 1
2 5 6 7 8 9 1 3 4
2 3 4 5 6 7 8 9 1
2 5 6 7 8 9 1 3 4
2 3 4 5 6 7 8 9 1
2 5 6 7 8 9 1 3 4
2 9 8 7 6 5 4 3 1
2 3 4 5 6 7 8 9 1
2 3 4 5 6 7 8 9 1
2 5 6 7 8 9 1 3 4
2 3 4 5 6 7 8 9 1
2 3 4 5 6 7 8 9 1
2 5 6 7 8 9 1 3 4
2 3 4 5 6 7 8 9 1
2 5 6 7 8 9 1 3 4
2 3 4 5 6 7 8 9 1
2 5 6 7 8 9 1 3 4
2 9 8 7 6 5 4 3 1
2 3 4 5 6 7 8 9 1
2 3 4 5 6 7 8 9 1
2 5 6 7 8 9 1 3 4
2 3 4 5 6 7 8 9 1
2 3 4 5 6 7 8 9 1
2 5 6 7 8 9 1 3 4
2 3 4 5 6 7 8 9 1
2 5 6 7 8 9 1 3 4
2 3 4 5 6 7 8 9 1
2 5 6 7 8 9 1 3 4
2 9 8 7 6 5 4 3 1
2 3 4 5 6 7 8 9 1
2 3 4 5 6 7 8 9 1
2 5 6 7 8 9 1 3 4
2 3 4 5 6 7 8 9 1
2 3 4 5 6 7 8 9 1
2 5 6 7 8 9 1 3 4
2 3 4 5 6 7 8 9 1
2 5 6 7 8 9 1 3 4
2 3 4 5 6 7 8 9 1
2 5 6 7 8 9 1 3 4
2 9 8 7 6 5 4 3 1
2 3 4 5 6 7 8 9 1
2 3 4 5 6 7 8 9 1
2 5 6 7 8 9 1 3 4
2 3 4 5 6 7 8 9 1
2 3 4 5 6 7 8 9 1
2 5 6 7 8 9 1 3 4
2 3 4 5 6 7 8 9 1
2 5 6 7 8 9 1 3 4
2 3 4 5 6 7 8 9 1
2 5 6 7 8 9 1 3 4
2 9 8 7 6 5 4 3 1
2 3 4 5 6 7 8 9 1
2 3 4 5 6 7 8 9 1
2 5 6 7 8 9 1 3 4
2 3 4 5 6 7 8 9 1
2 3 4 5 6 7 8 9 1
2 5 6 7 8 9 1 3 4
2 3 4 5 6 7 8 9 1
2 5 6 7 8 9 1 3 4
2 3 4 5 6 7 8 9 1
2 5 6 7 8 9 1 3 4
2 9 8 7 6 5 4 3 1
2 3 4 5 6 7 8 9 1
2 3 4 5 6 7 8 9 1
2 5 6 7 8 9 1 3 4
2 3 4 5 6 7 8 9 1
2 3 4 5 6 7 8 9 1
2 5 6 7 8 9 1 3 4
2 3 4 5 6 7 8 9 1
2 5 6 7 8 9 1 3 4
2 3 4 5 6 7 8 9 1
2 5 6 7 8 9 1 3 4
2 9 8 7 6 5 4 3 1
2 3 4 5 6 7 8 9 1
2 3 4 5 6 7 8 9 1
2 5 6 7 8 9 1 3 4
2 3 4 5 6 7 8 9 1
2 3 4 5 6 7 8 9 1
2 5 6 7 8 9 1 3 4
2 3 4 5 6 7 8 9 1
2 5 6 7 8 9 1 3 4
2 3 4 5 6 7 8 9 1
2 5 6 7 8 9 1 3 4
2 9 8 7 6 5 4 3 1
2 3 4 5 6 7 8 9 1
2 3 4 5 6 7 8 9 1
2 5 6 7 8 9 1 3 4
2 3 4 5 6 7 8 9 1
2 3 4 5 6 7 8 9 1
2 5 6 7 8 9 1 3 4
2 3 4 5 6 7 8 9 1
2 5 6 7 8 9 1 3 4
2 3 4 5 6 7 8 9 1
2 5 6 7 8 9 1 3 4
2 9 8 7 6 5 4 3 1
2 3 4 5 6 7 8 9 1
2 3 4 5 6 7 8 9 1
2 5 6 7 8 9 1 3 4
2 3 4 5 6 7 8 9 1
2 3 4 5 6 7 8 9 1
2 5 6 7 8 9 1 3 4
2 3 4 5 6 7 8 9 1
2 5 6 7 8 9 1 3 4
2 3 4 5 6 7 8 9 1
2 5 6 7 8 9 1 3 4
2 9 8 7 6 5 4 3 1
2 3 4 5 6 7 8 9 1
2 3 4 5 6 7 8 9 1
2 5 6 7 8 9 1 3 4
2 3 4 5 6 7 8 9 1
2 3 4 5 6 7 8 9 1
2 5 6 7 8 9 1 3 4
2 3 4 5 6 7 8 9 1
2 5 6 7 8 9 1 3 4
2 3 4 5 6 7 8 9 1
2 5 6 7 8 9 1 3 4
2 9 8 7 6 5 4 3 1
2 3 4 5 6 7 8 9 1
2 3 4 5 6 7 8 9 1
2 5 6 7 8 9 1 3 4
2 3 4 5 6 7 8 9 1
2 3 4 5 6 7 8 9 1
2 5 6 7 8 9 1 3 4
2 3 4 5 6 7 8 9 1
2 5 6 7 8 9 1 3 4
2 3 4 5 6 7 8 9 1
2 5 6 7 8 9 1 3 4
2 9 8 7 6 5 4 3 1
2 3 4 5 6 7 8 9 1
2 3 4 5 6 7 8 9 1
2 5 6 7 8 9 1 3 4
2 3 4 5 6 7 8 9 1
2 3 4 5 6 7 8 9 1
2 5 6 7 8 9 1 3 4
2 3 4 5 6 7 8 9 1
2 5 6 7 8 9 1 3 4
2 3 4 5 6 7 8 9 1
2 5 6 7 8 9 1 3 4
2 9 8 7 6 5 4 3 1
2 3 4 5 6 7 8 9 1
2 3 4 5 6 7 8 9 1
2 5 6 7 8 9 1 3 4
2 3 4 5 6 7 8 9 1
2 3 4 5 6 7 8 9 1
2 5 6 7 8 9 1 3 4
2 3 4 5 6 7 8 9 1
2 5 6 7 8 9 1 3 4
2 3 4 5 6 7 8 9 1
2 5 6 7 8 9 1 3 4
2 9 8 7 6 5 4 3 1
2 3 4 5 6 7 8 9 1
2 3 4 5 6 7 8 9 1
2 5 6 7 8 9 1 3 4
2 3 4 5 6 7 8 9 1
2 3 4 5 6 7 8 9 1
2 5 6 7 8 9 1 3 4
2 3 4 5 6 7 8 9 1
2 5 6 7 8 9 1 3 4
2 3 4 5 6 7 8 9 1
2 5 6 7 8 9 1 3 4
2 9 8 7 6 5 4 3 1
2 3 4 5 6 7 8 9 1
2 3 4 5 6 7 8 9 1
2 5 6 7 8 9 1 3 4
2 3 4 5 6 7 8 9 1
2 3 4 5 6 7 8 9 1
2 5 6 7 8 9 1 3 4
2 3 4 5 6 7 8 9 1
2 5 6 7 8 9 1 3 4
2 3 4 5 6 7 8 9 1
2 5 6 7 8 9 1 3 4
2 9 8 7 6 5 4 3 1
2 3 4 5 6 7 8 9 1
2 3 4 5 6 7 8 9 1
2 5 6 7 8 9 1 3 4
2 3 4 5 6 7 8 9 1
2 3 4 5 6 7 8 9 1
2 5 6 7 8 9 1 3 4
2 3 4 5 6 7 8 9 1
2 5 6 7 8 9 1 3 4
2 3 4 5 6 7 8 9 1
2 5 6 7 8 9 1 3 4
2 9 8 7 6 5 4 3 1
2 3 4 5 6 7 8 9 1
2 3 4 5 6 7 8 9 1
2 5 6 7 8 9 1 3 4
2 3 4 5 6 7 8 9 1
2 3 4 5 6 7 8 9 1
2 5 6 7 8 9 1 3 4
2 3 4 5 6 7 8 9 1
2 5 6 7 8 9 1 3 4
2 3 4 5 6 7 8 9 1
2 5 6 7 8 9 1 3 4
2 9 8 7 6 5 4 3 1
2 3 4 5 6 7 8 9 1
2 3 4 5 6 7 8 9 1
2 5 6 7 8 9 1 3 4
2 3 4 5 6 7 8 9 1
2 3 4 5 6 7 8 9 1
2 5 6 7 8 9 1 3 4
2 3 4 5 6 7 8 9 1
2 5 6 7 8 9 1 3 4
2 3 4 5 6 7 8 9 1
2 5 6 7 8 9 1 3 4
2 9 8 7 6 5 4 3 1
2 3 4 5 6 7 8 9 1
2 3 4 5 6 7 8 9 1
2 5 6 7 8 9 1 3 4
2 3 4 5 6 7 8 9 1
2 3 4 5 6 7 8 9 1
2 5 6 7 8 9 1 3 4
2 3 4 5 6 7 8 9 1
2 5 6 7 8 9 1 3 4
2 3 4 5 6 7 8 9 1
2 5 6 7 8 9 1 3 4
2 9 8 7 6 5 4 3 1
2 3 4 5 6 7 8 9 1
2 3 4 5 6 7 8 9 1
2 5 6 7 8 9 1 3 4
2 3 4 5 6 7 8 9 1
2 3 4 5 6 7 8 9 1
2 5 6 7 8 9 1 3 4
2 3 4 5 6 7 8 9 1
2 5 6 7 8 9 1 3 4
2 3 4 5 6 7 8 9 1
2 5 6 7 8 9 1 3 4
2 9 8 7 6 5 4 3 1
2 3 4 5 6 7 8 9 1
2 3 4 5 6 7 8 9 1
2 5 6 7 8 9 1 3 4
2 3 4 5 6 7 8 9 1
2 3 4 5 6 7 8 9 1
2 5 6 7 8 9 1 3 4
2 3 4 5 6 7 8 9 1
2 5 6 7 8 9 1 3 4
2 3 4 5 6 7 8 9 1
2 5 6 7 8 9 1 3 4
2 9 8 7 6 5 4 3 1
2 3 4 5 6 7 8 9 1
2 3 4 5 6 7 8 9 1
2 5 6 7 8 9 1 3 4
2 3 4 5 6 7 8 9 1
2 3 4 5 6 7 8 9 1
2 5 6 7 8 9 1 3 4
2 3 4 5 6 7 8 9 1
2 5 6 7 8 9 1 3 4
2 3 4 5 6 7 8 9 1
2 5 6 7 8 9 1 3 4
2 9 8 7 6 5 4 3 1
2 3 4 5 6 7 8 9 1
2 3 4 5 6 7 8 9 1
2 5 6 7 8 9 1 3 4
2 3 4 5 6 7 8 9 1
2 3 4 5 6 7 8 9 1
2 5 6 7 8 9 1 3 4
2 3 4 5 6 7 8 9 1
2 5 6 7 8 9 1 3 4
2 3 4 5 6 7 8 9 1
2 5 6 7 8 9 1 3 4
2 9 8 7 6 5 4 3 1
2 3 4 5 6 7 8 9 1
2 3 4 5 6 7 8 9 1
2 5 6 7 8 9 1 3 4
2 3 4 5 6 7 8 9 1
2 3 4 5 6 7 8 9 1
2 5 6 7 8 9 1 3 4
2 3 4 5 6 7 8 9 1
2 5 6 7 8 9 1 3 4
2 3 4 5 6 7 8 9 1
2 5 6 7 8 9 1 3 4
2 9 8 7 6 5 4 3 1
2 3 4 5 6 7 8 9 1
2 3 4 5 6 7 8 9 1
2 5 6 7 8 9 1 3 4
2 3 4 5 6 7 8 9 1
2 3 4 5 6 7 8 9 1
2 5 6 7 8 9 1 3 4
2 3 4 5 6 7 8 9 1
2 5 6 7 8 9 1 3 4
2 3 4 5 6 7 8 9 1
2 5 6 7 8 9 1 3 4
2 9 8 7 6 5 4 3 1
2 3 4 5 6 7 8 9 1
2 3 4 5 6 7 8 9 1
2 5 6 7 8 9 1 3 4
2 3 4 5 6 7 8 9 1
2 3 4 5 6 7 8 9 1
2 5 6 7 8 9 1 3 4
2 3 4 5 6 7 8 9 1
2 5 6 7 8 9 1 3 4
2 3 4 5 6 7 8 9 1
2 5 6 7 8 9 1 3 4
2 9 8 7 6 5 4 3 1
2 3 4 5 6 7 8 9 1
2 3 4 5 6 7 8 9 1
2 5 6 7 8 9 1 3 4
2 3 4 5 6 7 8 9 1
2 3 4 5 6 7 8 9 1
2 5 6 7 8 9 1 3 4
2 3 4 5 6 7 8 9 1
2 5 6 7 8 9 1 3 4
2 3 4 5 6 7 8 9 1
2 5 6 7 8 9 1 3 4
2 9 8 7 6 5 4 3 1
2 3 4 5 6 7 8 9 1
2 3 4 5 6 7 8 9 1
2 5 6 7 8 9 1 3 4
2 3 4 5 6 7 8 9 1
2 3 4 5 6 7 8 9 1
2 5 6 7 8 9 1 3 4
2 3 4 5 6 7 8 9 1
2 5 6 7 8 9 1 3 4
2 3 4 5 6 7 8 9 1
2 5 6 7 8 9 1 3 4
2 9 8 7 6 5 4 3 1
2 3 4 5 6 7 8 9 1
2 3 4 5 6 7 8 9 1
2 5 6 7 8 9 1 3 4
2 3 4 5 6 7 8 9 1
2 3 4 5 6 7 8 9 1
2 5 6 7 8 9 1 3 4
2 3 4 5 6 7 8 9 1
2 5 6 7 8 9 1 3 4
2 3 4 5 6 7 8 9 1
2 5 6 7 8 9 1 3 4
2 9 8 7 6 5 4 3 1
2 3 4 5 6 7 8 9 1
2 3 4 5 6 7 8 9 1
2 5 6 7 8 9 1 3 4
2 3 4 5 6 7 8 9 1
2 3 4 5 6 7 8 9 1
2 5 6 7 8 9 1 3 4
2 3 4 5 6 7 8 9 1
2 5 6 7 8 9 1 3 4
2 3 4 5 6 7 8 9 1
2 5 6 7 8 9 1 3 4
2 9 8 7 6 5 4 3 1
2 3 4 5 6 7 8 9 1
2 3 4 5 6 7 8 9 1
2 5 6 7 8 9 1 3 4
2 3 4 5 6 7 8 9 1
2 3 4 5 6 7 8 9 1
2 5 6 7 8 9 1 3 4
2 3 4 5 6 7 8 9 1
2 5 6 7 8 9 1 3 4
2 3 4 5 6 7 8 9 1
2 5 6 7 8 9 1 3 4
2 9 8 7 6 5 4 3 1
2 3 4 5 6 7 8 9 1
2 3 4 5 6 7 8 9 1
2 5 6 7 8 9 1 3 4
2 3 4 5 6 7 8 9 1
2 3 4 5 6 7 8 9 1
2 5 6 7 8 9 1 3 4
2 3 4 5 6 7 8 9 1
2 5 6 7 8 9 1 3 4
2 3 4 5 6 7 8 9 1
2 5 6 7 8 9 1 3 4
2 9 8 7 6 5 4 3 1
2 3 4 5 6 7 8 9 1
2 3 4 5 6 7 8 9 1
2 5 6 7 8 9 1 3 4
2 3 4 5 6 7 8 9 1
2 3 4 5 6 7 8 9 1
2 5 6 7 8 9 1 3 4
2 3 4 5 6 7 8 9 1
2 5 6 7 8 9 1 3 4
2 3 4 5 6 7 8 9 1
2 5 6 7 8 9 1 3 4
2 9 8 7 6 5 4 3 1
2 3 4 5 6 7 8 9 1
2 3 4 5 6 7 8 9 1
2 5 6 7 8 9 1 3 4
2 3 4 5 6 7 8 9 1
2 3 4 5 6 7 8 9 1
2 5 6 7 8 9 1 3 4
2 3 4 5 6 7 8 9 1
2 5 6 7 8 9 1 3 4
2 3 4 5 6 7 8 9 1
2 5 6 7 8 9 1 3 4
2 9 8 7 6 5 4 3 1
2 3 4 5 6 7 8 9 1
2 3 4 5 6 7 8 9 1
2 5 6 7 8 9 1 3 4
2 3 4 5 6 7 8 9 1
2 3 4 5 6 7 8 9 1
2 5 6 7 8 9 1 3 4
2 3 4 5 6 7 8 9 1
2 5 6 7 8 9 1 3 4
2 3 4 5 6 7 8 9 1
2 5 6 7 8 9 1 3 4
2 9 8 7 6 5 4 3 1
2 3 4 5 6 7 8 9 1
2 3 4 5 6 7 8 9 1
2 5 6 7 8 9 1 3 4
2 3 4 5 6 7 8 9 1
2 3 4 5 6 7 8 9 1
2 5 6 7 8 9 1 3 4
2 3 4 5 6 7 8 9 1
2 5 6 7 8 9 1 3 4
2 3 4 5 6 7 8 9 1
2 5 6 7 8 9 1 3 4
2 9 8 7 6 5 4 3 1
2 3 4 5 6 7 8 9 1
2 3 4 5 6 7 8 9 1
2 5 6 7 8 9 1 3 4
2 3 4 5 6 7 8 9 1
2 3 4 5 6 7 8 9 1
2 5 6 7 8 9 1 3 4
2 3 4 5 6 7 8 9 1
2 5 6 7 8 9 1 3 4
2 3 4 5 6 7 8 9 1
2 5 6 7 8 9 1 3 4
2 9 8 7 6 5 4 3 1
2 3 4 5 6 7 8 9 1
2 3 4 5 6 7 8 9 1
2 5 6 7 8 9 1 3 4
2 3 4 5 6 7 8 9 1
2 3 4 5 6 7 8 9 1
2 5 6 7 8 9 1 3 4
2 3 4 5 6 7 8 9 1
2 5 6 7 8 9 1 3 4
2 3 4 5 6 7 8 9 1
2 5 6 7 8 9 1 3 4
2 9 8 7 6 5 4 3 1
2 3 4 5 6 7 8 9 1
2 3 4 5 6 7 8 9 1
2 5 6 7 8 9 1 3 4
2 3 4 5 6 7 8 9 1
2 3 4 5 6 7 8 9 1
2 5 6 7 8 9 1 3 4
2 3 4 5 6 7 8 9 1
2 5 6 7 8 9 1 3 4
2 3 4 5 6 7 8 9 1
2 5 6 7 8 9 1 3 4
2 9 8 7 6 5 4 3 1
2 3 4 5 6 7 8 9 1
2 3 4 5 6 7 8 9 1
2 5 6 7 8 9 1 3 4
2 3 4 5 6 7 8 9 1
2 3 4 5 6 7 8 9 1
2 5 6 7 8 9 1 3 4
2 3 4 5 6 7 8 9 1
2 5 6 7 8 9 1 3 4
2 3 4 5 6 7 8 9 1
2 5 6 7 8 9 1 3 4
2 9 8 7 6 5 4 3 1
2 3 4 5 6 7 8 9 1
2 3 4 5 6 7 8 9 1
2 5 6 7 8 9 1 3 4
2 3 4 5 6 7 8 9 1
2 3 4 5 6 7 8 9 1
2 5 6 7 8 9 1 3 4
2 3 4 5 6 7 8 9 1
2 5 6 7 8 9 1 3 4
2 3 4 5 6 7 8 9 1
2 5 6 7 8 9 1 3 4
2 9 8 7 6 5 4 3 1
2 3 4 5 6 7 8 9 1
2 3 4 5 6 7 8 9 1
2 5 6 7 8 9 1 3 4
2 3 4 5 6 7 8 9 1
2 3 4 5 6 7 8 9 1
2 5 6 7 8 9 1 3 4
2 3 4 5 6 7 8 9 1
2 5 6 7 8 9 1 3 4
2 3 4 5 6 7 8 9 1
2 5 6 7 8 9 1 3 4
2 9 8 7 6 5 4 3 1
2 3 4 5 6 7 8 9 1
2 3 4 5 6 7 8 9 1
2 5 6 7 8 9 1 3 4
2 3 4 5 6 7 8 9 1
2 3 4 5 6 7 8 9 1
2 5 6 7 8 9 1 3 4
2 3 4 5 6 7 8 9 1
2 5 6 7 8 9 1 3 4
2 3 4 5 6 7 8 9 1
2 5 6 7 8 9 1 3 4
2 9 8 7 6 5 4 3 1
2 3 4 5 6 7 8 9 1
2 3 4 5 6 7 8 9 1
2 5 6 7 8 9 1 3 4
2 3 4 5 6 7 8 9 1
2 3 4 5 6 7 8 9 1
2 5 6 7 8 9 1 3 4
2 3 4 5 6 7 8 9 1
2 5 6 7 8 9 1 3 4
2 3 4 5 6 7 8 9 1
2 5 6 7 8 9 1 3 4
2 9 8 7 6 5 4 3 1
2 3 4 5 6 7 8 9 1
2 3 4 5 6 7 8 9 1
2 5 6 7 8 9 1 3 4
2 3 4 5 6 7 8 9 1
2 3 4 5 6 7 8 9 1
2 5 6 7 8 9 1 3 4
2 3 4 5 6 7 8 9 1
2 5 6 7 8 9 1 3 4
2 3 4 5 6 7 8 9 1
2 5 6 7 8 9 1 3 4
2 9 8 7 6 5 4 3 1
2 3 4 5 6 7 8 9 1
2 3 4 5 6 7 8 9 1
2 5 6 7 8 9 1 3 4
2 3 4 5 6 7 8 9 1
2 3 4 5 6 7 8 9 1
2 5 6 7 8 9 1 3 4
2 3 4 5 6 7 8 9 1
2 5 6 7 8 9 1 3 4
2 3 4 5 6 7 8 9 1
2 5 6 7 8 9 1 3 4
2 9 8 7 6 5 4 3 1
2 3 4 5 6 7 8 9 1
2 3 4 5 6 7 8 9 1
2 5 6 7 8 9 1 3 4
2 3 4 5 6 7 8 9 1
2 3 4 5 6 7 8 9 1
2 5 6 7 8 9 1 3 4
2 3 4 5 6 7 8 9 1
2 5 6 7 8 9 1 3 4
2 3 4 5 6 7 8 9 1
2 5 6 7 8 9 1 3 4
2 9 8 7 6 5 4 3 1
2 3 4 5 6 7 8 9 1
2 3 4 5 6 7 8 9 1
2 5 6 7 8 9 1 3 4
2 3 4 5 6 7 8 9 1
2 3 4 5 6 7 8 9 1
2 5 6 7 8 9 1 3 4
2 3 4 5 6 7 8 9 1
2 5 6 7 8 9 1 3 4
2 3 4 5 6 7 8 9 1
2 5 6 7 8 9 1 3 4
2 9 8 7 6 5 4 3 1
2 3 4 5 6 7 8 9 1
2 3 4 5 6 7 8 9 1
2 5 6 7 8 9 1 3 4
2 3 4 5 6 7 8 9 1
2 3 4 5 6 7 8 9 1
2 5 6 7 8 9 1 3 4
2 3 4 5 6 7 8 9 1
2 5 6 7 8 9 1 3 4
2 3 4 5 6 7 8 9 1
2 5 6 7 8 9 1 3 4
2 9 8 7 6 5 4 3 1
2 3 4 5 6 7 8 9 1
2 3 4 5 6 7 8 9 1
2 5 6 7 8 9 1 3 4
2 3 4 5 6 7 8 9 1
2 3 4 5 6 7 8 9 1
2 5 6 7 8 9 1 3 4
2 3 4 5 6 7 8 9 1
2 5 6 7 8 9 1 3 4
2 3 4 5 6 7 8 9 1
2 5 6 7 8 9 1 3 4
2 9 8 7 6 5 4 3 1
2 3 4 5 6 7 8 9 1
2 3 4 5 6 7 8 9 1
2 5 6 7 8 9 1 3 4
2 3 4 5 6 7 8 9 1
2 3 4 5 6 7 8 9 1
2 5 6 7 8 9 1 3 4
2 3 4 5 6 7 8 9 1
2 5 6 7 8 9 1 3 4
2 3 4 5 6 7 8 9 1
2 5 6 7 8 9 1 3 4
2 9 8 7 6 5 4 3 1
2 3 4 5 6 7 8 9 1
2 3 4 5 6 7 8 9 1
2 5 6 7 8 9 1 3 4
2 3 4 5 6 7 8 9 1
2 3 4 5 6 7 8 9 1
2 5 6 7 8 9 1 3 4
2 3 4 5 6 7 8 9 1
2 5 6 7 8 9 1 3 4
2 3 4 5 6 7 8 9 1
2 5 6 7 8 9 1 3 4
2 9 8 7 6 5 4 3 1
2 3 4 5 6 7 8 9 1
2 3 4 5 6 7 8 9 1
2 5 6 7 8 9 1 3 4
2 3 4 5 6 7 8 9 1
2 3 4 5 6 7 8 9 1
2 5 6 7 8 9 1 3 4
2 3 4 5 6 7 8 9 1
2 5 6 7 8 9 1 3 4
2 3 4 5 6 7 8 9 1
2 5 6 7 8 9 1 3 4
2 9 8 7 6 5 4 3 1
2 3 4 5 6 7 8 9 1
2 3 4 5 6 7 8 9 1
2 5 6 7 8 9 1 3 4
2 3 4 5 6 7 8 9 1
2 3 4 5 6 7 8 9 1
2 5 6 7 8 9 1 3 4
2 3 4 5 6 7 8 9 1
2 5 6 7 8 9 1 3 4
2 3 4 5 6 7 8 9 1
2 5 6 7 8 9 1 3 4
2 9 8 7 6 5 4 3 1
2 3 4 5 6 7 8 9 1
2 3 4 5 6 7 8 9 1
2 5 6 7 8 9 1 3 4
2 3 4 5 6 7 8 9 1
2 3 4 5 6 7 8 9 1
2 5 6 7 8 9 1 3 4
2 3 4 5 6 7 8 9 1
2 5 6 7 8 9 1 3 4
2 3 4 5 6 7 8 9 1
2 5 6 7 8 9 1 3 4
2 9 8 7 6 5 4 3 1
2 3 4 5 6 7 8 9 1
2 3 4 5 6 7 8 9 1
2 5 6 7 8 9 1 3 4
2 3 4 5 6 7 8 9 1
2 3 4 5 6 7 8 9 1
2 5 6 7 8 9 1 3 4
2 3 4 5 6 7 8 9 1
2 5 6 7 8 9 1 3 4
2 3 4 5 6 7 8 9 1
2 5 6 7 8 9 1 3 4
2 9 8 7 6 5 4 3 1
2 3 4 5 6 7 8 9 1
2 3 4 5 6 7 8 9 1
2 5 6 7 8 9 1 3 4
2 3 4 5 6 7 8 9 1
2 3 4 5 6 7 8 9 1
2 5 6 7 8 9 1 3 4
2 3 4 5 6 7 8 9 1
2 5 6 7 8 9 1 3 4
2 3 4 5 6 7 8 9 1
2 5 6 7 8 9 1 3 4
2 9 8 7 6 5 4 3 1
2 3 4 5 6 7 8 9 1
2 3 4 5 6 7 8 9 1
2 5 6 7 8 9 1 3 4
2 3 4 5 6 7 8 9 1
2 3 4 5 6 7 8 9 1
2 5 6 7 8 9 1 3 4
2 3 4 5 6 7 8 9 1
2 5 6 7 8 9 1 3 4
2 3 4 5 6 7 8 9 1
2 5 6 7 8 9 1 3 4
2 9 8 7 6 5 4 3 1
2 3 4 5 6 7 8 9 1
2 3 4 5 6 7 8 9 1
2 5 6 7 8 9 1 3 4
2 3 4 5 6 7 8 9 1
2 3 4 5 6 7 8 9 1
2 5 6 7 8 9 1 3 4
2 3 4 5 6 7 8 9 1
2 5 6 7 8 9 1 3 4
2 3 4 5 6 7 8 9 1
2 5 6 7 8 9 1 3 4
2 9 8 7 6 5 4 3 1
2 3 4 5 6 7 8 9 1
2 3 4 5 6 7 8 9 1
2 5 6 7 8 9 1 3 4
2 3 4 5 6 7 8 9 1
2 3 4 5 6 7 8 9 1
2 5 6 7 8 9 1 3 4
2 3 4 5 6 7 8 9 1
2 5 6 7 8 9 1 3 4
2 3 4 5 6 7 8 9 1
2 5 6 7 8 9 1 3 4
2 9 8 7 6 5 4 3 1
2 3 4 5 6 7 8 9 1
2 3 4 5 6 7 8 9 1
2 5 6 7 8 9 1 3 4
2 3 4 5 6 7 8 9 1
2 3 4 5 6 7 8 9 1
2 5 6 7 8 9 1 3 4
2 3 4 5 6 7 8 9 1
2 5 6 7 8 9 1 3 4
2 3 4 5 6 7 8 9 1
2 5 6 7 8 9 1 3 4
2 9 8 7 6 5 4 3 1
2 3 4 5 6 7 8 9 1
2 3 4 5 6 7 8 9 1
2 5 6 7 8 9 1 3 4
2 3 4 5 6 7 8 9 1
2 3 4 5 6 7 8 9 1
2 5 6 7 8 9 1 3 4
2 3 4 5 6 7 8 9 1
2 5 6 7 8 9 1 3 4
2 3 4 5 6 7 8 9 1
2 5 6 7 8 9 1 3 4
2 9 8 7 6 5 4 3 1
2 3 4 5 6 7 8 9 1
2 3 4 5 6 7 8 9 1
2 5 6 7 8 9 1 3 4
2 3 4 5 6 7 8 9 1
2 3 4 5 6 7 8 9 1
2 5 6 7 8 9 1 3 4
2 3 4 5 6 7 8 9 1
2 5 6 7 8 9 1 3 4
2 3 4 5 6 7 8 9 1
2 5 6 7 8 9 1 3 4
2 9 8 7 6 5 4 3 1
2 3 4 5 6 7 8 9 1
2 3 4 5 6 7 8 9 1
2 5 6 7 8 9 1 3 4
2 3 4 5 6 7 8 9 1
2 3 4 5 6 7 8 9 1
2 5 6 7 8 9 1 3 4
2 3 4 5 6 7 8 9 1
2 5 6 7 8 9 1 3 4
2 3 4 5 6 7 8 9 1
2 5 6 7 8 9 1 3 4
2 9 8 7 6 5 4 3 1
2 3 4 5 6 7 8 9 1
2 3 4 5 6 7 8 9 1
2 5 6 7 8 9 1 3 4
2 3 4 5 6 7 8 9 1
2 3 4 5 6 7 8 9 1
2 5 6 7 8 9 1 3 4
2 3 4 5 6 7 8 9 1
2 5 6 7 8 9 1 3 4
2 3 4 5 6 7 8 9 1
2 5 6 7 8 9 1 3 4
2 9 8 7 6 5 4 3 1
2 3 4 5 6 7 8 9 1
2 3 4 5 6 7 8 9 1
2 5 6 7 8 9 1 3 4
2 3 4 5 6 7 8 9 1
2 3 4 5 6 7 8 9 1
2 5 6 7 8 9 1 3 4
2 3 4 5 6 7 8 9 1
2 5 6 7 8 9 1 3 4
2 3 4 5 6 7 8 9 1
2 5 6 7 8 9 1 3 4
2 9 8 7 6 5 4 3 1
2 3 4 5 6 7 8 9 1
2 3 4 5 6 7 8 9 1
2 5 6 7 8 9 1 3 4
2 3 4 5 6 7 8 9 1
2 3 4 5 6 7 8 9 1
2 5 6 7 8 9 1 3 4
2 3 4 5 6 7 8 9 1
2 5 6 7 8 9 1 3 4
2 3 4 5 6 7 8 9 1
2 5 6 7 8 9 1 3 4
2 9 8 7 6 5 4 3 1
2 3 4 5 6 7 8 9 1
2 3 4 5 6 7 8 9 1
2 5 6 7 8 9 1 3 4
2 3 4 5 6 7 8 9 1
2 3 4 5 6 7 8 9 1
2 5 6 7 8 9 1 3 4
2 3 4 5 6 7 8 9 1
2 5 6 7 8 9 1 3 4
2 3 4 5 6 7 8 9 1
2 5 6 7 8 9 1 3 4
2 9 8 7 6 5 4 3 1
2 3 4 5 6 7 8 9 1
2 3 4 5 6 7 8 9 1
2 5 6 7 8 9 1 3 4
2 3 4 5 6 7 8 9 1
2 3 4 5 6 7 8 9 1
2 5 6 7 8 9 1 3 4
2 3 4 5 6 7 8 9 1
2 5 6 7 8 9 1 3 4
2 3 4 5 6 7 8 9 1
2 5 6 7 8 9 1 3 4
2 9 8 7 6 5 4 3 1
2 3 4 5 6 7 8 9 1
2 3 4 5 6 7 8 9 1
2 5 6 7 8 9 1 3 4
2 3 4 5 6 7 8 9 1
2 3 4 5 6 7 8 9 1
2 5 6 7 8 9 1 3 4
2 3 4 5 6 7 8 9 1
2 5 6 7 8 9 1 3 4
2 3 4 5 6 7 8 9 1
2 5 6 7 8 9 1 3 4
2 9 8 7 6 5 4 3 1
2 3 4 5 6 7 8 9 1
2 3 4 5 6 7 8 9 1
2 5 6 7 8 9 1 3 4
2 3 4 5 6 7 8 9 1
2 3 4 5 6 7 8 9 1
2 5 6 7 8 9 1 3 4
2 3 4 5 6 7 8 9 1
2 5 6 7 8 9 1 3 4
2 3 4 5 6 7 8 9 1
2 5 6 7 8 9 1 3 4
2 9 8 7 6 5 4 3 1
2 3 4 5 6 7 8 9 1
2 3 4 5 6 7 8 9 1
2 5 6 7 8 9 1 3 4
2 3 4 5 6 7 8 9 1
2 3 4 5 6 7 8 9 1
2 5 6 7 8 9 1 3 4
2 3 4 5 6 7 8 9 1
2 5 6 7 8 9 1 3 4
2 3 4 5 6 7 8 9 1
2 5 6 7 8 9 1 3 4
2 9 8 7 6 5 4 3 1
2 3 4 5 6 7 8 9 1
2 3 4 5 6 7 8 9 1
2 5 6 7 8 9 1 3 4
2 3 4 5 6 7 8 9 1
2 3 4 5 6 7 8 9 1
2 5 6 7 8 9 1 3 4
2 3 4 5 6 7 8 9 1
2 5 6 7 8 9 1 3 4
2 3 4 5 6 7 8 9 1
2 5 6 7 8 9 1 3 4
2 9 8 7 6 5 4 3 1
2 3 4 5 6 7 8 9 1
2 3 4 5 6 7 8 9 1
2 5 6 7 8 9 1 3 4
2 3 4 5 6 7 8 9 1
2 3 4 5 6 7 8 9 1
2 5 6 7 8 9 1 3 4
2 3 4 5 6 7 8 9 1
2 5 6 7 8 9 1 3 4
2 3 4 5 6 7 8 9 1
2 5 6 7 8 9 1 3 4
2 9 8 7 6 5 4 3 1
2 3 4 5 6 7 8 9 1
2 3 4 5 6 7 8 9 1
2 5 6 7 8 9 1 3 4
2 3 4 5 6 7 8 9 1
2 3 4 5 6 7 8 9 1
2 5 6 7 8 9 1 3 4
2 3 4 5 6 7 8 9 1
2 5 6 7 8 9 1 3 4
2 3 4 5 6 7 8 9 1
2 5 6 7 8 9 1 3 4
2 9 8 7 6 5 4 3 1
2 3 4 5 6 7 8 9 1
2 3 4 5 6 7 8 9 1
2 5 6 7 8 9 1 3 4
2 3 4 5 6 7 8 9 1
2 3 4 5 6 7 8 9 1
2 5 6 7 8 9 1 3 4
2 3 4 5 6 7 8 9 1
2 5 6 7 8 9 1 3 4
2 3 4 5 6 7 8 9 1
2 5 6 7 8 9 1 3 4
2 9 8 7 6 5 4 3 1
2 3 4 5 6 7 8 9 1
2 3 4 5 6 7 8 9 1
2 5 6 7 8 9 1 3 4
2 3 4 5 6 7 8 9 1
2 3 4 5 6 7 8 9 1
2 5 6 7 8 9 1 3 4
2 3 4 5 6 7 8 9 1
2 5 6 7 8 9 1 3 4
2 3 4 5 6 7 8 9 1
2 5 6 7 8 9 1 3 4
2 9 8 7 6 5 4 3 1
2 3 4 5 6 7 8 9 1
2 3 4 5 6 7 8 9 1
2 5 6 7 8 9 1 3 4
2 3 4 5 6 7 8 9 1
2 3 4 5 6 7 8 9 1
2 5 6 7 8 9 1 3 4
2 3 4 5 6 7 8 9 1
2 5 6 7 8 9 1 3 4
2 3 4 5 6 7 8 9 1
2 5 6 7 8 9 1 3 4
2 9 8 7 6 5 4 3 1
2 3 4 5 6 7 8 9 1
2 3 4 5 6 7 8 9 1
2 5 6 7 8 9 1 3 4
2 3 4 5 6 7 8 9 1
2 3 4 5 6 7 8 9 1
2 5 6 7 8 9 1 3 4
2 3 4 5 6 7 8 9 1
2 5 6 7 8 9 1 3 4
2 3 4 5 6 7 8 9 1
2 5 6 7 8 9 1 3 4
2 9 8 7 6 5 4 3 1
2 3 4 5 6 7 8 9 1
2 3 4 5 6 7 8 9 1
2 5 6 7 8 9 1 3 4
2 3 4 5 6 7 8 9 1
2 3 4 5 6 7 8 9 1
2 5 6 7 8 9 1 3 4
2 3 4 5 6 7 8 9 1
2 5 6 7 8 9 1 3 4
2 3 4 5 6 7 8 9 1
2 5 6 7 8 9 1 3 4
2 9 8 7 6 5 4 3 1
2 3 4 5 6 7 8 9 1
2 3 4 5 6 7 8 9 1
2 5 6 7 8 9 1 3 4
2 3 4 5 6 7 8 9 1
2 3 4 5 6 7 8 9 1
2 5 6 7 8 9 1 3 4
2 3 4 5 6 7 8 9 1
2 5 6 7 8 9 1 3 4
2 3 4 5 6 7 8 9 1
2 5 6 7 8 9 1 3 4
2 9 8 7 6 5 4 3 1
2 3 4 5 6 7 8 9 1
2 3 4 5 6 7 8 9 1
2 5 6 7 8 9 1 3 4
2 3 4 5 6 7 8 9 1
2 3 4 5 6 7 8 9 1
2 5 6 7 8 9 1 3 4
2 3 4 5 6 7 8 9 1
2 5 6 7 8 9 1 3 4
2 3 4 5 6 7 8 9 1
2 5 6 7 8 9 1 3 4
2 9 8 7 6 5 4 3 1
